/*--------------------------------*- C++ -*----------------------------------*\
| =========                 |                                                 |
| \\      /  F ield         | OpenFOAM: The Open Source CFD Toolbox           |
|  \\    /   O peration     | Version:  2512                                  |
|   \\  /    A nd           | Website:  www.openfoam.com                      |
|    \\/     M anipulation  |                                                 |
\*---------------------------------------------------------------------------*/
FoamFile
{
    version     2.0;
    format      ascii;
    arch        "LSB;label=32;scalar=64";
    class       faceList;
    location    "constant/solid/polyMesh";
    object      faces;
}
// * * * * * * * * * * * * * * * * * * * * * * * * * * * * * * * * * * * * * //


2648
(
4(1 10 739 730)
4(9 738 739 10)
4(2 11 740 731)
4(10 739 740 11)
4(3 12 741 732)
4(11 740 741 12)
4(4 13 742 733)
4(12 741 742 13)
4(5 14 743 734)
4(13 742 743 14)
4(6 15 744 735)
4(14 743 744 15)
4(7 16 745 736)
4(15 744 745 16)
4(16 745 746 17)
4(10 19 748 739)
4(18 747 748 19)
4(11 20 749 740)
4(19 748 749 20)
4(12 21 750 741)
4(20 749 750 21)
4(13 22 751 742)
4(21 750 751 22)
4(14 23 752 743)
4(22 751 752 23)
4(15 24 753 744)
4(23 752 753 24)
4(16 25 754 745)
4(24 753 754 25)
4(25 754 755 26)
4(19 28 757 748)
4(27 756 757 28)
4(20 29 758 749)
4(28 757 758 29)
4(21 30 759 750)
4(29 758 759 30)
4(22 31 760 751)
4(30 759 760 31)
4(23 32 761 752)
4(31 760 761 32)
4(24 33 762 753)
4(32 761 762 33)
4(25 34 763 754)
4(33 762 763 34)
4(34 763 764 35)
4(28 37 766 757)
4(36 765 766 37)
4(29 38 767 758)
4(37 766 767 38)
4(30 39 768 759)
4(38 767 768 39)
4(31 40 769 760)
4(39 768 769 40)
4(32 41 770 761)
4(40 769 770 41)
4(33 42 771 762)
4(41 770 771 42)
4(34 43 772 763)
4(42 771 772 43)
4(43 772 773 44)
4(37 46 775 766)
4(45 774 775 46)
4(38 47 776 767)
4(46 775 776 47)
4(39 48 777 768)
4(47 776 777 48)
4(40 49 778 769)
4(48 777 778 49)
4(41 50 779 770)
4(49 778 779 50)
4(42 51 780 771)
4(50 779 780 51)
4(43 52 781 772)
4(51 780 781 52)
4(52 781 782 53)
4(46 55 784 775)
4(54 783 784 55)
4(47 56 785 776)
4(55 784 785 56)
4(48 57 786 777)
4(56 785 786 57)
4(49 58 787 778)
4(57 786 787 58)
4(50 59 788 779)
4(58 787 788 59)
4(51 60 789 780)
4(59 788 789 60)
4(52 61 790 781)
4(60 789 790 61)
4(61 790 791 62)
4(55 64 793 784)
4(63 792 793 64)
4(56 65 794 785)
4(64 793 794 65)
4(57 66 795 786)
4(65 794 795 66)
4(58 67 796 787)
4(66 795 796 67)
4(59 68 797 788)
4(67 796 797 68)
4(60 69 798 789)
4(68 797 798 69)
4(61 70 799 790)
4(69 798 799 70)
4(70 799 800 71)
4(64 73 802 793)
4(72 801 802 73)
4(65 74 803 794)
4(73 802 803 74)
4(66 75 804 795)
4(74 803 804 75)
4(67 76 805 796)
4(75 804 805 76)
4(68 77 806 797)
4(76 805 806 77)
4(69 78 807 798)
4(77 806 807 78)
4(70 79 808 799)
4(78 807 808 79)
4(79 808 809 80)
4(73 82 811 802)
4(81 810 811 82)
4(74 83 812 803)
4(82 811 812 83)
4(75 84 813 804)
4(83 812 813 84)
4(76 85 814 805)
4(84 813 814 85)
4(77 86 815 806)
4(85 814 815 86)
4(78 87 816 807)
4(86 815 816 87)
4(79 88 817 808)
4(87 816 817 88)
4(88 817 818 89)
4(82 91 820 811)
4(90 819 820 91)
4(83 92 821 812)
4(91 820 821 92)
4(84 93 822 813)
4(92 821 822 93)
4(85 94 823 814)
4(93 822 823 94)
4(86 95 824 815)
4(94 823 824 95)
4(87 96 825 816)
4(95 824 825 96)
4(88 97 826 817)
4(96 825 826 97)
4(97 826 827 98)
4(91 100 829 820)
4(99 828 829 100)
4(92 101 830 821)
4(100 829 830 101)
4(93 102 831 822)
4(101 830 831 102)
4(94 103 832 823)
4(102 831 832 103)
4(95 104 833 824)
4(103 832 833 104)
4(96 105 834 825)
4(104 833 834 105)
4(97 106 835 826)
4(105 834 835 106)
4(106 835 836 107)
4(100 109 838 829)
4(108 837 838 109)
4(101 110 839 830)
4(109 838 839 110)
4(102 111 840 831)
4(110 839 840 111)
4(103 112 841 832)
4(111 840 841 112)
4(104 113 842 833)
4(112 841 842 113)
4(105 114 843 834)
4(113 842 843 114)
4(106 115 844 835)
4(114 843 844 115)
4(115 844 845 116)
4(109 118 847 838)
4(117 846 847 118)
4(110 119 848 839)
4(118 847 848 119)
4(111 120 849 840)
4(119 848 849 120)
4(112 121 850 841)
4(120 849 850 121)
4(113 122 851 842)
4(121 850 851 122)
4(114 123 852 843)
4(122 851 852 123)
4(115 124 853 844)
4(123 852 853 124)
4(124 853 854 125)
4(118 127 856 847)
4(126 855 856 127)
4(119 128 857 848)
4(127 856 857 128)
4(120 129 858 849)
4(128 857 858 129)
4(121 130 859 850)
4(129 858 859 130)
4(122 131 860 851)
4(130 859 860 131)
4(123 132 861 852)
4(131 860 861 132)
4(124 133 862 853)
4(132 861 862 133)
4(133 862 863 134)
4(127 136 865 856)
4(135 864 865 136)
4(128 137 866 857)
4(136 865 866 137)
4(129 138 867 858)
4(137 866 867 138)
4(130 139 868 859)
4(138 867 868 139)
4(131 140 869 860)
4(139 868 869 140)
4(132 141 870 861)
4(140 869 870 141)
4(133 142 871 862)
4(141 870 871 142)
4(142 871 872 143)
4(136 145 874 865)
4(144 873 874 145)
4(137 146 875 866)
4(145 874 875 146)
4(138 147 876 867)
4(146 875 876 147)
4(139 148 877 868)
4(147 876 877 148)
4(140 149 878 869)
4(148 877 878 149)
4(141 150 879 870)
4(149 878 879 150)
4(142 151 880 871)
4(150 879 880 151)
4(151 880 881 152)
4(145 154 883 874)
4(153 882 883 154)
4(146 155 884 875)
4(154 883 884 155)
4(147 156 885 876)
4(155 884 885 156)
4(148 157 886 877)
4(156 885 886 157)
4(149 158 887 878)
4(157 886 887 158)
4(150 159 888 879)
4(158 887 888 159)
4(151 160 889 880)
4(159 888 889 160)
4(160 889 890 161)
4(154 163 892 883)
4(162 891 892 163)
4(155 164 893 884)
4(163 892 893 164)
4(156 165 894 885)
4(164 893 894 165)
4(157 166 895 886)
4(165 894 895 166)
4(158 167 896 887)
4(166 895 896 167)
4(159 168 897 888)
4(167 896 897 168)
4(160 169 898 889)
4(168 897 898 169)
4(169 898 899 170)
4(163 172 901 892)
4(171 900 901 172)
4(164 173 902 893)
4(172 901 902 173)
4(165 174 903 894)
4(173 902 903 174)
4(166 175 904 895)
4(174 903 904 175)
4(167 176 905 896)
4(175 904 905 176)
4(168 177 906 897)
4(176 905 906 177)
4(169 178 907 898)
4(177 906 907 178)
4(178 907 908 179)
4(172 181 910 901)
4(180 909 910 181)
4(173 182 911 902)
4(181 910 911 182)
4(174 183 912 903)
4(182 911 912 183)
4(175 184 913 904)
4(183 912 913 184)
4(176 185 914 905)
4(184 913 914 185)
4(177 186 915 906)
4(185 914 915 186)
4(178 187 916 907)
4(186 915 916 187)
4(187 916 917 188)
4(181 190 919 910)
4(189 918 919 190)
4(182 191 920 911)
4(190 919 920 191)
4(183 192 921 912)
4(191 920 921 192)
4(184 193 922 913)
4(192 921 922 193)
4(185 194 923 914)
4(193 922 923 194)
4(186 195 924 915)
4(194 923 924 195)
4(187 196 925 916)
4(195 924 925 196)
4(196 925 926 197)
4(190 199 928 919)
4(198 927 928 199)
4(191 200 929 920)
4(199 928 929 200)
4(192 201 930 921)
4(200 929 930 201)
4(193 202 931 922)
4(201 930 931 202)
4(194 203 932 923)
4(202 931 932 203)
4(195 204 933 924)
4(203 932 933 204)
4(196 205 934 925)
4(204 933 934 205)
4(205 934 935 206)
4(199 208 937 928)
4(207 936 937 208)
4(200 209 938 929)
4(208 937 938 209)
4(201 210 939 930)
4(209 938 939 210)
4(202 211 940 931)
4(210 939 940 211)
4(203 212 941 932)
4(211 940 941 212)
4(204 213 942 933)
4(212 941 942 213)
4(205 214 943 934)
4(213 942 943 214)
4(214 943 944 215)
4(208 217 946 937)
4(216 945 946 217)
4(209 218 947 938)
4(217 946 947 218)
4(210 219 948 939)
4(218 947 948 219)
4(211 220 949 940)
4(219 948 949 220)
4(212 221 950 941)
4(220 949 950 221)
4(213 222 951 942)
4(221 950 951 222)
4(214 223 952 943)
4(222 951 952 223)
4(223 952 953 224)
4(217 226 955 946)
4(225 954 955 226)
4(218 227 956 947)
4(226 955 956 227)
4(219 228 957 948)
4(227 956 957 228)
4(220 229 958 949)
4(228 957 958 229)
4(221 230 959 950)
4(229 958 959 230)
4(222 231 960 951)
4(230 959 960 231)
4(223 232 961 952)
4(231 960 961 232)
4(232 961 962 233)
4(226 235 964 955)
4(234 963 964 235)
4(227 236 965 956)
4(235 964 965 236)
4(228 237 966 957)
4(236 965 966 237)
4(229 238 967 958)
4(237 966 967 238)
4(230 239 968 959)
4(238 967 968 239)
4(231 240 969 960)
4(239 968 969 240)
4(232 241 970 961)
4(240 969 970 241)
4(241 970 971 242)
4(235 244 973 964)
4(243 972 973 244)
4(236 245 974 965)
4(244 973 974 245)
4(237 246 975 966)
4(245 974 975 246)
4(238 247 976 967)
4(246 975 976 247)
4(239 248 977 968)
4(247 976 977 248)
4(240 249 978 969)
4(248 977 978 249)
4(241 250 979 970)
4(249 978 979 250)
4(250 979 980 251)
4(244 253 982 973)
4(252 981 982 253)
4(245 254 983 974)
4(253 982 983 254)
4(246 255 984 975)
4(254 983 984 255)
4(247 256 985 976)
4(255 984 985 256)
4(248 257 986 977)
4(256 985 986 257)
4(249 258 987 978)
4(257 986 987 258)
4(250 259 988 979)
4(258 987 988 259)
4(259 988 989 260)
4(253 262 991 982)
4(261 990 991 262)
4(254 263 992 983)
4(262 991 992 263)
4(255 264 993 984)
4(263 992 993 264)
4(256 265 994 985)
4(264 993 994 265)
4(257 266 995 986)
4(265 994 995 266)
4(258 267 996 987)
4(266 995 996 267)
4(259 268 997 988)
4(267 996 997 268)
4(268 997 998 269)
4(262 271 1000 991)
4(270 999 1000 271)
4(263 272 1001 992)
4(271 1000 1001 272)
4(264 273 1002 993)
4(272 1001 1002 273)
4(265 274 1003 994)
4(273 1002 1003 274)
4(266 275 1004 995)
4(274 1003 1004 275)
4(267 276 1005 996)
4(275 1004 1005 276)
4(268 277 1006 997)
4(276 1005 1006 277)
4(277 1006 1007 278)
4(271 280 1009 1000)
4(279 1008 1009 280)
4(272 281 1010 1001)
4(280 1009 1010 281)
4(273 282 1011 1002)
4(281 1010 1011 282)
4(274 283 1012 1003)
4(282 1011 1012 283)
4(275 284 1013 1004)
4(283 1012 1013 284)
4(276 285 1014 1005)
4(284 1013 1014 285)
4(277 286 1015 1006)
4(285 1014 1015 286)
4(286 1015 1016 287)
4(280 289 1018 1009)
4(288 1017 1018 289)
4(281 290 1019 1010)
4(289 1018 1019 290)
4(282 291 1020 1011)
4(290 1019 1020 291)
4(283 292 1021 1012)
4(291 1020 1021 292)
4(284 293 1022 1013)
4(292 1021 1022 293)
4(285 294 1023 1014)
4(293 1022 1023 294)
4(286 295 1024 1015)
4(294 1023 1024 295)
4(295 1024 1025 296)
4(289 298 1027 1018)
4(297 1026 1027 298)
4(290 299 1028 1019)
4(298 1027 1028 299)
4(291 300 1029 1020)
4(299 1028 1029 300)
4(292 301 1030 1021)
4(300 1029 1030 301)
4(293 302 1031 1022)
4(301 1030 1031 302)
4(294 303 1032 1023)
4(302 1031 1032 303)
4(295 304 1033 1024)
4(303 1032 1033 304)
4(304 1033 1034 305)
4(298 307 1036 1027)
4(306 1035 1036 307)
4(299 308 1037 1028)
4(307 1036 1037 308)
4(300 309 1038 1029)
4(308 1037 1038 309)
4(301 310 1039 1030)
4(309 1038 1039 310)
4(302 311 1040 1031)
4(310 1039 1040 311)
4(303 312 1041 1032)
4(311 1040 1041 312)
4(304 313 1042 1033)
4(312 1041 1042 313)
4(313 1042 1043 314)
4(307 316 1045 1036)
4(315 1044 1045 316)
4(308 317 1046 1037)
4(316 1045 1046 317)
4(309 318 1047 1038)
4(317 1046 1047 318)
4(310 319 1048 1039)
4(318 1047 1048 319)
4(311 320 1049 1040)
4(319 1048 1049 320)
4(312 321 1050 1041)
4(320 1049 1050 321)
4(313 322 1051 1042)
4(321 1050 1051 322)
4(322 1051 1052 323)
4(316 325 1054 1045)
4(324 1053 1054 325)
4(317 326 1055 1046)
4(325 1054 1055 326)
4(318 327 1056 1047)
4(326 1055 1056 327)
4(319 328 1057 1048)
4(327 1056 1057 328)
4(320 329 1058 1049)
4(328 1057 1058 329)
4(321 330 1059 1050)
4(329 1058 1059 330)
4(322 331 1060 1051)
4(330 1059 1060 331)
4(331 1060 1061 332)
4(325 334 1063 1054)
4(333 1062 1063 334)
4(326 335 1064 1055)
4(334 1063 1064 335)
4(327 336 1065 1056)
4(335 1064 1065 336)
4(328 337 1066 1057)
4(336 1065 1066 337)
4(329 338 1067 1058)
4(337 1066 1067 338)
4(330 339 1068 1059)
4(338 1067 1068 339)
4(331 340 1069 1060)
4(339 1068 1069 340)
4(340 1069 1070 341)
4(334 343 1072 1063)
4(342 1071 1072 343)
4(335 344 1073 1064)
4(343 1072 1073 344)
4(336 345 1074 1065)
4(344 1073 1074 345)
4(337 346 1075 1066)
4(345 1074 1075 346)
4(338 347 1076 1067)
4(346 1075 1076 347)
4(339 348 1077 1068)
4(347 1076 1077 348)
4(340 349 1078 1069)
4(348 1077 1078 349)
4(349 1078 1079 350)
4(343 352 1081 1072)
4(351 1080 1081 352)
4(344 353 1082 1073)
4(352 1081 1082 353)
4(345 354 1083 1074)
4(353 1082 1083 354)
4(346 355 1084 1075)
4(354 1083 1084 355)
4(347 356 1085 1076)
4(355 1084 1085 356)
4(348 357 1086 1077)
4(356 1085 1086 357)
4(349 358 1087 1078)
4(357 1086 1087 358)
4(358 1087 1088 359)
4(352 361 1090 1081)
4(360 1089 1090 361)
4(353 362 1091 1082)
4(361 1090 1091 362)
4(354 363 1092 1083)
4(362 1091 1092 363)
4(355 364 1093 1084)
4(363 1092 1093 364)
4(356 365 1094 1085)
4(364 1093 1094 365)
4(357 366 1095 1086)
4(365 1094 1095 366)
4(358 367 1096 1087)
4(366 1095 1096 367)
4(367 1096 1097 368)
4(361 370 1099 1090)
4(369 1098 1099 370)
4(362 371 1100 1091)
4(370 1099 1100 371)
4(363 372 1101 1092)
4(371 1100 1101 372)
4(364 373 1102 1093)
4(372 1101 1102 373)
4(365 374 1103 1094)
4(373 1102 1103 374)
4(366 375 1104 1095)
4(374 1103 1104 375)
4(367 376 1105 1096)
4(375 1104 1105 376)
4(376 1105 1106 377)
4(370 379 1108 1099)
4(378 1107 1108 379)
4(371 380 1109 1100)
4(379 1108 1109 380)
4(372 381 1110 1101)
4(380 1109 1110 381)
4(373 382 1111 1102)
4(381 1110 1111 382)
4(374 383 1112 1103)
4(382 1111 1112 383)
4(375 384 1113 1104)
4(383 1112 1113 384)
4(376 385 1114 1105)
4(384 1113 1114 385)
4(385 1114 1115 386)
4(379 388 1117 1108)
4(387 1116 1117 388)
4(380 389 1118 1109)
4(388 1117 1118 389)
4(381 390 1119 1110)
4(389 1118 1119 390)
4(382 391 1120 1111)
4(390 1119 1120 391)
4(383 392 1121 1112)
4(391 1120 1121 392)
4(384 393 1122 1113)
4(392 1121 1122 393)
4(385 394 1123 1114)
4(393 1122 1123 394)
4(394 1123 1124 395)
4(388 397 1126 1117)
4(396 1125 1126 397)
4(389 398 1127 1118)
4(397 1126 1127 398)
4(390 399 1128 1119)
4(398 1127 1128 399)
4(391 400 1129 1120)
4(399 1128 1129 400)
4(392 401 1130 1121)
4(400 1129 1130 401)
4(393 402 1131 1122)
4(401 1130 1131 402)
4(394 403 1132 1123)
4(402 1131 1132 403)
4(403 1132 1133 404)
4(397 406 1135 1126)
4(405 1134 1135 406)
4(398 407 1136 1127)
4(406 1135 1136 407)
4(399 408 1137 1128)
4(407 1136 1137 408)
4(400 409 1138 1129)
4(408 1137 1138 409)
4(401 410 1139 1130)
4(409 1138 1139 410)
4(402 411 1140 1131)
4(410 1139 1140 411)
4(403 412 1141 1132)
4(411 1140 1141 412)
4(412 1141 1142 413)
4(406 415 1144 1135)
4(414 1143 1144 415)
4(407 416 1145 1136)
4(415 1144 1145 416)
4(408 417 1146 1137)
4(416 1145 1146 417)
4(409 418 1147 1138)
4(417 1146 1147 418)
4(410 419 1148 1139)
4(418 1147 1148 419)
4(411 420 1149 1140)
4(419 1148 1149 420)
4(412 421 1150 1141)
4(420 1149 1150 421)
4(421 1150 1151 422)
4(415 424 1153 1144)
4(423 1152 1153 424)
4(416 425 1154 1145)
4(424 1153 1154 425)
4(417 426 1155 1146)
4(425 1154 1155 426)
4(418 427 1156 1147)
4(426 1155 1156 427)
4(419 428 1157 1148)
4(427 1156 1157 428)
4(420 429 1158 1149)
4(428 1157 1158 429)
4(421 430 1159 1150)
4(429 1158 1159 430)
4(430 1159 1160 431)
4(424 433 1162 1153)
4(432 1161 1162 433)
4(425 434 1163 1154)
4(433 1162 1163 434)
4(426 435 1164 1155)
4(434 1163 1164 435)
4(427 436 1165 1156)
4(435 1164 1165 436)
4(428 437 1166 1157)
4(436 1165 1166 437)
4(429 438 1167 1158)
4(437 1166 1167 438)
4(430 439 1168 1159)
4(438 1167 1168 439)
4(439 1168 1169 440)
4(433 442 1171 1162)
4(441 1170 1171 442)
4(434 443 1172 1163)
4(442 1171 1172 443)
4(435 444 1173 1164)
4(443 1172 1173 444)
4(436 445 1174 1165)
4(444 1173 1174 445)
4(437 446 1175 1166)
4(445 1174 1175 446)
4(438 447 1176 1167)
4(446 1175 1176 447)
4(439 448 1177 1168)
4(447 1176 1177 448)
4(448 1177 1178 449)
4(442 451 1180 1171)
4(450 1179 1180 451)
4(443 452 1181 1172)
4(451 1180 1181 452)
4(444 453 1182 1173)
4(452 1181 1182 453)
4(445 454 1183 1174)
4(453 1182 1183 454)
4(446 455 1184 1175)
4(454 1183 1184 455)
4(447 456 1185 1176)
4(455 1184 1185 456)
4(448 457 1186 1177)
4(456 1185 1186 457)
4(457 1186 1187 458)
4(451 460 1189 1180)
4(459 1188 1189 460)
4(452 461 1190 1181)
4(460 1189 1190 461)
4(453 462 1191 1182)
4(461 1190 1191 462)
4(454 463 1192 1183)
4(462 1191 1192 463)
4(455 464 1193 1184)
4(463 1192 1193 464)
4(456 465 1194 1185)
4(464 1193 1194 465)
4(457 466 1195 1186)
4(465 1194 1195 466)
4(466 1195 1196 467)
4(460 469 1198 1189)
4(468 1197 1198 469)
4(461 470 1199 1190)
4(469 1198 1199 470)
4(462 471 1200 1191)
4(470 1199 1200 471)
4(463 472 1201 1192)
4(471 1200 1201 472)
4(464 473 1202 1193)
4(472 1201 1202 473)
4(465 474 1203 1194)
4(473 1202 1203 474)
4(466 475 1204 1195)
4(474 1203 1204 475)
4(475 1204 1205 476)
4(469 478 1207 1198)
4(477 1206 1207 478)
4(470 479 1208 1199)
4(478 1207 1208 479)
4(471 480 1209 1200)
4(479 1208 1209 480)
4(472 481 1210 1201)
4(480 1209 1210 481)
4(473 482 1211 1202)
4(481 1210 1211 482)
4(474 483 1212 1203)
4(482 1211 1212 483)
4(475 484 1213 1204)
4(483 1212 1213 484)
4(484 1213 1214 485)
4(478 487 1216 1207)
4(486 1215 1216 487)
4(479 488 1217 1208)
4(487 1216 1217 488)
4(480 489 1218 1209)
4(488 1217 1218 489)
4(481 490 1219 1210)
4(489 1218 1219 490)
4(482 491 1220 1211)
4(490 1219 1220 491)
4(483 492 1221 1212)
4(491 1220 1221 492)
4(484 493 1222 1213)
4(492 1221 1222 493)
4(493 1222 1223 494)
4(487 496 1225 1216)
4(495 1224 1225 496)
4(488 497 1226 1217)
4(496 1225 1226 497)
4(489 498 1227 1218)
4(497 1226 1227 498)
4(490 499 1228 1219)
4(498 1227 1228 499)
4(491 500 1229 1220)
4(499 1228 1229 500)
4(492 501 1230 1221)
4(500 1229 1230 501)
4(493 502 1231 1222)
4(501 1230 1231 502)
4(502 1231 1232 503)
4(496 505 1234 1225)
4(504 1233 1234 505)
4(497 506 1235 1226)
4(505 1234 1235 506)
4(498 507 1236 1227)
4(506 1235 1236 507)
4(499 508 1237 1228)
4(507 1236 1237 508)
4(500 509 1238 1229)
4(508 1237 1238 509)
4(501 510 1239 1230)
4(509 1238 1239 510)
4(502 511 1240 1231)
4(510 1239 1240 511)
4(511 1240 1241 512)
4(505 514 1243 1234)
4(513 1242 1243 514)
4(506 515 1244 1235)
4(514 1243 1244 515)
4(507 516 1245 1236)
4(515 1244 1245 516)
4(508 517 1246 1237)
4(516 1245 1246 517)
4(509 518 1247 1238)
4(517 1246 1247 518)
4(510 519 1248 1239)
4(518 1247 1248 519)
4(511 520 1249 1240)
4(519 1248 1249 520)
4(520 1249 1250 521)
4(514 523 1252 1243)
4(522 1251 1252 523)
4(515 524 1253 1244)
4(523 1252 1253 524)
4(516 525 1254 1245)
4(524 1253 1254 525)
4(517 526 1255 1246)
4(525 1254 1255 526)
4(518 527 1256 1247)
4(526 1255 1256 527)
4(519 528 1257 1248)
4(527 1256 1257 528)
4(520 529 1258 1249)
4(528 1257 1258 529)
4(529 1258 1259 530)
4(523 532 1261 1252)
4(531 1260 1261 532)
4(524 533 1262 1253)
4(532 1261 1262 533)
4(525 534 1263 1254)
4(533 1262 1263 534)
4(526 535 1264 1255)
4(534 1263 1264 535)
4(527 536 1265 1256)
4(535 1264 1265 536)
4(528 537 1266 1257)
4(536 1265 1266 537)
4(529 538 1267 1258)
4(537 1266 1267 538)
4(538 1267 1268 539)
4(532 541 1270 1261)
4(540 1269 1270 541)
4(533 542 1271 1262)
4(541 1270 1271 542)
4(534 543 1272 1263)
4(542 1271 1272 543)
4(535 544 1273 1264)
4(543 1272 1273 544)
4(536 545 1274 1265)
4(544 1273 1274 545)
4(537 546 1275 1266)
4(545 1274 1275 546)
4(538 547 1276 1267)
4(546 1275 1276 547)
4(547 1276 1277 548)
4(541 550 1279 1270)
4(549 1278 1279 550)
4(542 551 1280 1271)
4(550 1279 1280 551)
4(543 552 1281 1272)
4(551 1280 1281 552)
4(544 553 1282 1273)
4(552 1281 1282 553)
4(545 554 1283 1274)
4(553 1282 1283 554)
4(546 555 1284 1275)
4(554 1283 1284 555)
4(547 556 1285 1276)
4(555 1284 1285 556)
4(556 1285 1286 557)
4(550 559 1288 1279)
4(558 1287 1288 559)
4(551 560 1289 1280)
4(559 1288 1289 560)
4(552 561 1290 1281)
4(560 1289 1290 561)
4(553 562 1291 1282)
4(561 1290 1291 562)
4(554 563 1292 1283)
4(562 1291 1292 563)
4(555 564 1293 1284)
4(563 1292 1293 564)
4(556 565 1294 1285)
4(564 1293 1294 565)
4(565 1294 1295 566)
4(559 568 1297 1288)
4(567 1296 1297 568)
4(560 569 1298 1289)
4(568 1297 1298 569)
4(561 570 1299 1290)
4(569 1298 1299 570)
4(562 571 1300 1291)
4(570 1299 1300 571)
4(563 572 1301 1292)
4(571 1300 1301 572)
4(564 573 1302 1293)
4(572 1301 1302 573)
4(565 574 1303 1294)
4(573 1302 1303 574)
4(574 1303 1304 575)
4(568 577 1306 1297)
4(576 1305 1306 577)
4(569 578 1307 1298)
4(577 1306 1307 578)
4(570 579 1308 1299)
4(578 1307 1308 579)
4(571 580 1309 1300)
4(579 1308 1309 580)
4(572 581 1310 1301)
4(580 1309 1310 581)
4(573 582 1311 1302)
4(581 1310 1311 582)
4(574 583 1312 1303)
4(582 1311 1312 583)
4(583 1312 1313 584)
4(577 586 1315 1306)
4(585 1314 1315 586)
4(578 587 1316 1307)
4(586 1315 1316 587)
4(579 588 1317 1308)
4(587 1316 1317 588)
4(580 589 1318 1309)
4(588 1317 1318 589)
4(581 590 1319 1310)
4(589 1318 1319 590)
4(582 591 1320 1311)
4(590 1319 1320 591)
4(583 592 1321 1312)
4(591 1320 1321 592)
4(592 1321 1322 593)
4(586 595 1324 1315)
4(594 1323 1324 595)
4(587 596 1325 1316)
4(595 1324 1325 596)
4(588 597 1326 1317)
4(596 1325 1326 597)
4(589 598 1327 1318)
4(597 1326 1327 598)
4(590 599 1328 1319)
4(598 1327 1328 599)
4(591 600 1329 1320)
4(599 1328 1329 600)
4(592 601 1330 1321)
4(600 1329 1330 601)
4(601 1330 1331 602)
4(595 604 1333 1324)
4(603 1332 1333 604)
4(596 605 1334 1325)
4(604 1333 1334 605)
4(597 606 1335 1326)
4(605 1334 1335 606)
4(598 607 1336 1327)
4(606 1335 1336 607)
4(599 608 1337 1328)
4(607 1336 1337 608)
4(600 609 1338 1329)
4(608 1337 1338 609)
4(601 610 1339 1330)
4(609 1338 1339 610)
4(610 1339 1340 611)
4(604 613 1342 1333)
4(612 1341 1342 613)
4(605 614 1343 1334)
4(613 1342 1343 614)
4(606 615 1344 1335)
4(614 1343 1344 615)
4(607 616 1345 1336)
4(615 1344 1345 616)
4(608 617 1346 1337)
4(616 1345 1346 617)
4(609 618 1347 1338)
4(617 1346 1347 618)
4(610 619 1348 1339)
4(618 1347 1348 619)
4(619 1348 1349 620)
4(613 622 1351 1342)
4(621 1350 1351 622)
4(614 623 1352 1343)
4(622 1351 1352 623)
4(615 624 1353 1344)
4(623 1352 1353 624)
4(616 625 1354 1345)
4(624 1353 1354 625)
4(617 626 1355 1346)
4(625 1354 1355 626)
4(618 627 1356 1347)
4(626 1355 1356 627)
4(619 628 1357 1348)
4(627 1356 1357 628)
4(628 1357 1358 629)
4(622 631 1360 1351)
4(630 1359 1360 631)
4(623 632 1361 1352)
4(631 1360 1361 632)
4(624 633 1362 1353)
4(632 1361 1362 633)
4(625 634 1363 1354)
4(633 1362 1363 634)
4(626 635 1364 1355)
4(634 1363 1364 635)
4(627 636 1365 1356)
4(635 1364 1365 636)
4(628 637 1366 1357)
4(636 1365 1366 637)
4(637 1366 1367 638)
4(631 640 1369 1360)
4(639 1368 1369 640)
4(632 641 1370 1361)
4(640 1369 1370 641)
4(633 642 1371 1362)
4(641 1370 1371 642)
4(634 643 1372 1363)
4(642 1371 1372 643)
4(635 644 1373 1364)
4(643 1372 1373 644)
4(636 645 1374 1365)
4(644 1373 1374 645)
4(637 646 1375 1366)
4(645 1374 1375 646)
4(646 1375 1376 647)
4(640 649 1378 1369)
4(648 1377 1378 649)
4(641 650 1379 1370)
4(649 1378 1379 650)
4(642 651 1380 1371)
4(650 1379 1380 651)
4(643 652 1381 1372)
4(651 1380 1381 652)
4(644 653 1382 1373)
4(652 1381 1382 653)
4(645 654 1383 1374)
4(653 1382 1383 654)
4(646 655 1384 1375)
4(654 1383 1384 655)
4(655 1384 1385 656)
4(649 658 1387 1378)
4(657 1386 1387 658)
4(650 659 1388 1379)
4(658 1387 1388 659)
4(651 660 1389 1380)
4(659 1388 1389 660)
4(652 661 1390 1381)
4(660 1389 1390 661)
4(653 662 1391 1382)
4(661 1390 1391 662)
4(654 663 1392 1383)
4(662 1391 1392 663)
4(655 664 1393 1384)
4(663 1392 1393 664)
4(664 1393 1394 665)
4(658 667 1396 1387)
4(666 1395 1396 667)
4(659 668 1397 1388)
4(667 1396 1397 668)
4(660 669 1398 1389)
4(668 1397 1398 669)
4(661 670 1399 1390)
4(669 1398 1399 670)
4(662 671 1400 1391)
4(670 1399 1400 671)
4(663 672 1401 1392)
4(671 1400 1401 672)
4(664 673 1402 1393)
4(672 1401 1402 673)
4(673 1402 1403 674)
4(667 676 1405 1396)
4(675 1404 1405 676)
4(668 677 1406 1397)
4(676 1405 1406 677)
4(669 678 1407 1398)
4(677 1406 1407 678)
4(670 679 1408 1399)
4(678 1407 1408 679)
4(671 680 1409 1400)
4(679 1408 1409 680)
4(672 681 1410 1401)
4(680 1409 1410 681)
4(673 682 1411 1402)
4(681 1410 1411 682)
4(682 1411 1412 683)
4(676 685 1414 1405)
4(684 1413 1414 685)
4(677 686 1415 1406)
4(685 1414 1415 686)
4(678 687 1416 1407)
4(686 1415 1416 687)
4(679 688 1417 1408)
4(687 1416 1417 688)
4(680 689 1418 1409)
4(688 1417 1418 689)
4(681 690 1419 1410)
4(689 1418 1419 690)
4(682 691 1420 1411)
4(690 1419 1420 691)
4(691 1420 1421 692)
4(685 694 1423 1414)
4(693 1422 1423 694)
4(686 695 1424 1415)
4(694 1423 1424 695)
4(687 696 1425 1416)
4(695 1424 1425 696)
4(688 697 1426 1417)
4(696 1425 1426 697)
4(689 698 1427 1418)
4(697 1426 1427 698)
4(690 699 1428 1419)
4(698 1427 1428 699)
4(691 700 1429 1420)
4(699 1428 1429 700)
4(700 1429 1430 701)
4(694 703 1432 1423)
4(702 1431 1432 703)
4(695 704 1433 1424)
4(703 1432 1433 704)
4(696 705 1434 1425)
4(704 1433 1434 705)
4(697 706 1435 1426)
4(705 1434 1435 706)
4(698 707 1436 1427)
4(706 1435 1436 707)
4(699 708 1437 1428)
4(707 1436 1437 708)
4(700 709 1438 1429)
4(708 1437 1438 709)
4(709 1438 1439 710)
4(703 712 1441 1432)
4(711 1440 1441 712)
4(704 713 1442 1433)
4(712 1441 1442 713)
4(705 714 1443 1434)
4(713 1442 1443 714)
4(706 715 1444 1435)
4(714 1443 1444 715)
4(707 716 1445 1436)
4(715 1444 1445 716)
4(708 717 1446 1437)
4(716 1445 1446 717)
4(709 718 1447 1438)
4(717 1446 1447 718)
4(718 1447 1448 719)
4(712 721 1450 1441)
4(713 722 1451 1442)
4(714 723 1452 1443)
4(715 724 1453 1444)
4(716 725 1454 1445)
4(717 726 1455 1446)
4(718 727 1456 1447)
4(0 729 738 9)
4(9 738 747 18)
4(18 747 756 27)
4(27 756 765 36)
4(36 765 774 45)
4(45 774 783 54)
4(54 783 792 63)
4(63 792 801 72)
4(72 801 810 81)
4(81 810 819 90)
4(90 819 828 99)
4(99 828 837 108)
4(108 837 846 117)
4(117 846 855 126)
4(126 855 864 135)
4(135 864 873 144)
4(144 873 882 153)
4(153 882 891 162)
4(162 891 900 171)
4(171 900 909 180)
4(180 909 918 189)
4(189 918 927 198)
4(198 927 936 207)
4(207 936 945 216)
4(216 945 954 225)
4(225 954 963 234)
4(234 963 972 243)
4(243 972 981 252)
4(252 981 990 261)
4(261 990 999 270)
4(270 999 1008 279)
4(279 1008 1017 288)
4(288 1017 1026 297)
4(297 1026 1035 306)
4(306 1035 1044 315)
4(315 1044 1053 324)
4(324 1053 1062 333)
4(333 1062 1071 342)
4(342 1071 1080 351)
4(351 1080 1089 360)
4(360 1089 1098 369)
4(369 1098 1107 378)
4(378 1107 1116 387)
4(387 1116 1125 396)
4(396 1125 1134 405)
4(405 1134 1143 414)
4(414 1143 1152 423)
4(423 1152 1161 432)
4(432 1161 1170 441)
4(441 1170 1179 450)
4(450 1179 1188 459)
4(459 1188 1197 468)
4(468 1197 1206 477)
4(477 1206 1215 486)
4(486 1215 1224 495)
4(495 1224 1233 504)
4(504 1233 1242 513)
4(513 1242 1251 522)
4(522 1251 1260 531)
4(531 1260 1269 540)
4(540 1269 1278 549)
4(549 1278 1287 558)
4(558 1287 1296 567)
4(567 1296 1305 576)
4(576 1305 1314 585)
4(585 1314 1323 594)
4(594 1323 1332 603)
4(603 1332 1341 612)
4(612 1341 1350 621)
4(621 1350 1359 630)
4(630 1359 1368 639)
4(639 1368 1377 648)
4(648 1377 1386 657)
4(657 1386 1395 666)
4(666 1395 1404 675)
4(675 1404 1413 684)
4(684 1413 1422 693)
4(693 1422 1431 702)
4(702 1431 1440 711)
4(711 1440 1449 720)
4(8 17 746 737)
4(17 26 755 746)
4(26 35 764 755)
4(35 44 773 764)
4(44 53 782 773)
4(53 62 791 782)
4(62 71 800 791)
4(71 80 809 800)
4(80 89 818 809)
4(89 98 827 818)
4(98 107 836 827)
4(107 116 845 836)
4(116 125 854 845)
4(125 134 863 854)
4(134 143 872 863)
4(143 152 881 872)
4(152 161 890 881)
4(161 170 899 890)
4(170 179 908 899)
4(179 188 917 908)
4(188 197 926 917)
4(197 206 935 926)
4(206 215 944 935)
4(215 224 953 944)
4(224 233 962 953)
4(233 242 971 962)
4(242 251 980 971)
4(251 260 989 980)
4(260 269 998 989)
4(269 278 1007 998)
4(278 287 1016 1007)
4(287 296 1025 1016)
4(296 305 1034 1025)
4(305 314 1043 1034)
4(314 323 1052 1043)
4(323 332 1061 1052)
4(332 341 1070 1061)
4(341 350 1079 1070)
4(350 359 1088 1079)
4(359 368 1097 1088)
4(368 377 1106 1097)
4(377 386 1115 1106)
4(386 395 1124 1115)
4(395 404 1133 1124)
4(404 413 1142 1133)
4(413 422 1151 1142)
4(422 431 1160 1151)
4(431 440 1169 1160)
4(440 449 1178 1169)
4(449 458 1187 1178)
4(458 467 1196 1187)
4(467 476 1205 1196)
4(476 485 1214 1205)
4(485 494 1223 1214)
4(494 503 1232 1223)
4(503 512 1241 1232)
4(512 521 1250 1241)
4(521 530 1259 1250)
4(530 539 1268 1259)
4(539 548 1277 1268)
4(548 557 1286 1277)
4(557 566 1295 1286)
4(566 575 1304 1295)
4(575 584 1313 1304)
4(584 593 1322 1313)
4(593 602 1331 1322)
4(602 611 1340 1331)
4(611 620 1349 1340)
4(620 629 1358 1349)
4(629 638 1367 1358)
4(638 647 1376 1367)
4(647 656 1385 1376)
4(656 665 1394 1385)
4(665 674 1403 1394)
4(674 683 1412 1403)
4(683 692 1421 1412)
4(692 701 1430 1421)
4(701 710 1439 1430)
4(710 719 1448 1439)
4(719 728 1457 1448)
4(0 1 730 729)
4(1 2 731 730)
4(2 3 732 731)
4(3 4 733 732)
4(4 5 734 733)
4(5 6 735 734)
4(6 7 736 735)
4(7 8 737 736)
4(720 1449 1450 721)
4(721 1450 1451 722)
4(722 1451 1452 723)
4(723 1452 1453 724)
4(724 1453 1454 725)
4(725 1454 1455 726)
4(726 1455 1456 727)
4(727 1456 1457 728)
4(0 9 10 1)
4(9 18 19 10)
4(18 27 28 19)
4(27 36 37 28)
4(36 45 46 37)
4(45 54 55 46)
4(54 63 64 55)
4(63 72 73 64)
4(72 81 82 73)
4(81 90 91 82)
4(90 99 100 91)
4(99 108 109 100)
4(108 117 118 109)
4(117 126 127 118)
4(126 135 136 127)
4(135 144 145 136)
4(144 153 154 145)
4(153 162 163 154)
4(162 171 172 163)
4(171 180 181 172)
4(180 189 190 181)
4(189 198 199 190)
4(198 207 208 199)
4(207 216 217 208)
4(216 225 226 217)
4(225 234 235 226)
4(234 243 244 235)
4(243 252 253 244)
4(252 261 262 253)
4(261 270 271 262)
4(270 279 280 271)
4(279 288 289 280)
4(288 297 298 289)
4(297 306 307 298)
4(306 315 316 307)
4(315 324 325 316)
4(324 333 334 325)
4(333 342 343 334)
4(342 351 352 343)
4(351 360 361 352)
4(360 369 370 361)
4(369 378 379 370)
4(378 387 388 379)
4(387 396 397 388)
4(396 405 406 397)
4(405 414 415 406)
4(414 423 424 415)
4(423 432 433 424)
4(432 441 442 433)
4(441 450 451 442)
4(450 459 460 451)
4(459 468 469 460)
4(468 477 478 469)
4(477 486 487 478)
4(486 495 496 487)
4(495 504 505 496)
4(504 513 514 505)
4(513 522 523 514)
4(522 531 532 523)
4(531 540 541 532)
4(540 549 550 541)
4(549 558 559 550)
4(558 567 568 559)
4(567 576 577 568)
4(576 585 586 577)
4(585 594 595 586)
4(594 603 604 595)
4(603 612 613 604)
4(612 621 622 613)
4(621 630 631 622)
4(630 639 640 631)
4(639 648 649 640)
4(648 657 658 649)
4(657 666 667 658)
4(666 675 676 667)
4(675 684 685 676)
4(684 693 694 685)
4(693 702 703 694)
4(702 711 712 703)
4(711 720 721 712)
4(1 10 11 2)
4(10 19 20 11)
4(19 28 29 20)
4(28 37 38 29)
4(37 46 47 38)
4(46 55 56 47)
4(55 64 65 56)
4(64 73 74 65)
4(73 82 83 74)
4(82 91 92 83)
4(91 100 101 92)
4(100 109 110 101)
4(109 118 119 110)
4(118 127 128 119)
4(127 136 137 128)
4(136 145 146 137)
4(145 154 155 146)
4(154 163 164 155)
4(163 172 173 164)
4(172 181 182 173)
4(181 190 191 182)
4(190 199 200 191)
4(199 208 209 200)
4(208 217 218 209)
4(217 226 227 218)
4(226 235 236 227)
4(235 244 245 236)
4(244 253 254 245)
4(253 262 263 254)
4(262 271 272 263)
4(271 280 281 272)
4(280 289 290 281)
4(289 298 299 290)
4(298 307 308 299)
4(307 316 317 308)
4(316 325 326 317)
4(325 334 335 326)
4(334 343 344 335)
4(343 352 353 344)
4(352 361 362 353)
4(361 370 371 362)
4(370 379 380 371)
4(379 388 389 380)
4(388 397 398 389)
4(397 406 407 398)
4(406 415 416 407)
4(415 424 425 416)
4(424 433 434 425)
4(433 442 443 434)
4(442 451 452 443)
4(451 460 461 452)
4(460 469 470 461)
4(469 478 479 470)
4(478 487 488 479)
4(487 496 497 488)
4(496 505 506 497)
4(505 514 515 506)
4(514 523 524 515)
4(523 532 533 524)
4(532 541 542 533)
4(541 550 551 542)
4(550 559 560 551)
4(559 568 569 560)
4(568 577 578 569)
4(577 586 587 578)
4(586 595 596 587)
4(595 604 605 596)
4(604 613 614 605)
4(613 622 623 614)
4(622 631 632 623)
4(631 640 641 632)
4(640 649 650 641)
4(649 658 659 650)
4(658 667 668 659)
4(667 676 677 668)
4(676 685 686 677)
4(685 694 695 686)
4(694 703 704 695)
4(703 712 713 704)
4(712 721 722 713)
4(2 11 12 3)
4(11 20 21 12)
4(20 29 30 21)
4(29 38 39 30)
4(38 47 48 39)
4(47 56 57 48)
4(56 65 66 57)
4(65 74 75 66)
4(74 83 84 75)
4(83 92 93 84)
4(92 101 102 93)
4(101 110 111 102)
4(110 119 120 111)
4(119 128 129 120)
4(128 137 138 129)
4(137 146 147 138)
4(146 155 156 147)
4(155 164 165 156)
4(164 173 174 165)
4(173 182 183 174)
4(182 191 192 183)
4(191 200 201 192)
4(200 209 210 201)
4(209 218 219 210)
4(218 227 228 219)
4(227 236 237 228)
4(236 245 246 237)
4(245 254 255 246)
4(254 263 264 255)
4(263 272 273 264)
4(272 281 282 273)
4(281 290 291 282)
4(290 299 300 291)
4(299 308 309 300)
4(308 317 318 309)
4(317 326 327 318)
4(326 335 336 327)
4(335 344 345 336)
4(344 353 354 345)
4(353 362 363 354)
4(362 371 372 363)
4(371 380 381 372)
4(380 389 390 381)
4(389 398 399 390)
4(398 407 408 399)
4(407 416 417 408)
4(416 425 426 417)
4(425 434 435 426)
4(434 443 444 435)
4(443 452 453 444)
4(452 461 462 453)
4(461 470 471 462)
4(470 479 480 471)
4(479 488 489 480)
4(488 497 498 489)
4(497 506 507 498)
4(506 515 516 507)
4(515 524 525 516)
4(524 533 534 525)
4(533 542 543 534)
4(542 551 552 543)
4(551 560 561 552)
4(560 569 570 561)
4(569 578 579 570)
4(578 587 588 579)
4(587 596 597 588)
4(596 605 606 597)
4(605 614 615 606)
4(614 623 624 615)
4(623 632 633 624)
4(632 641 642 633)
4(641 650 651 642)
4(650 659 660 651)
4(659 668 669 660)
4(668 677 678 669)
4(677 686 687 678)
4(686 695 696 687)
4(695 704 705 696)
4(704 713 714 705)
4(713 722 723 714)
4(3 12 13 4)
4(12 21 22 13)
4(21 30 31 22)
4(30 39 40 31)
4(39 48 49 40)
4(48 57 58 49)
4(57 66 67 58)
4(66 75 76 67)
4(75 84 85 76)
4(84 93 94 85)
4(93 102 103 94)
4(102 111 112 103)
4(111 120 121 112)
4(120 129 130 121)
4(129 138 139 130)
4(138 147 148 139)
4(147 156 157 148)
4(156 165 166 157)
4(165 174 175 166)
4(174 183 184 175)
4(183 192 193 184)
4(192 201 202 193)
4(201 210 211 202)
4(210 219 220 211)
4(219 228 229 220)
4(228 237 238 229)
4(237 246 247 238)
4(246 255 256 247)
4(255 264 265 256)
4(264 273 274 265)
4(273 282 283 274)
4(282 291 292 283)
4(291 300 301 292)
4(300 309 310 301)
4(309 318 319 310)
4(318 327 328 319)
4(327 336 337 328)
4(336 345 346 337)
4(345 354 355 346)
4(354 363 364 355)
4(363 372 373 364)
4(372 381 382 373)
4(381 390 391 382)
4(390 399 400 391)
4(399 408 409 400)
4(408 417 418 409)
4(417 426 427 418)
4(426 435 436 427)
4(435 444 445 436)
4(444 453 454 445)
4(453 462 463 454)
4(462 471 472 463)
4(471 480 481 472)
4(480 489 490 481)
4(489 498 499 490)
4(498 507 508 499)
4(507 516 517 508)
4(516 525 526 517)
4(525 534 535 526)
4(534 543 544 535)
4(543 552 553 544)
4(552 561 562 553)
4(561 570 571 562)
4(570 579 580 571)
4(579 588 589 580)
4(588 597 598 589)
4(597 606 607 598)
4(606 615 616 607)
4(615 624 625 616)
4(624 633 634 625)
4(633 642 643 634)
4(642 651 652 643)
4(651 660 661 652)
4(660 669 670 661)
4(669 678 679 670)
4(678 687 688 679)
4(687 696 697 688)
4(696 705 706 697)
4(705 714 715 706)
4(714 723 724 715)
4(4 13 14 5)
4(13 22 23 14)
4(22 31 32 23)
4(31 40 41 32)
4(40 49 50 41)
4(49 58 59 50)
4(58 67 68 59)
4(67 76 77 68)
4(76 85 86 77)
4(85 94 95 86)
4(94 103 104 95)
4(103 112 113 104)
4(112 121 122 113)
4(121 130 131 122)
4(130 139 140 131)
4(139 148 149 140)
4(148 157 158 149)
4(157 166 167 158)
4(166 175 176 167)
4(175 184 185 176)
4(184 193 194 185)
4(193 202 203 194)
4(202 211 212 203)
4(211 220 221 212)
4(220 229 230 221)
4(229 238 239 230)
4(238 247 248 239)
4(247 256 257 248)
4(256 265 266 257)
4(265 274 275 266)
4(274 283 284 275)
4(283 292 293 284)
4(292 301 302 293)
4(301 310 311 302)
4(310 319 320 311)
4(319 328 329 320)
4(328 337 338 329)
4(337 346 347 338)
4(346 355 356 347)
4(355 364 365 356)
4(364 373 374 365)
4(373 382 383 374)
4(382 391 392 383)
4(391 400 401 392)
4(400 409 410 401)
4(409 418 419 410)
4(418 427 428 419)
4(427 436 437 428)
4(436 445 446 437)
4(445 454 455 446)
4(454 463 464 455)
4(463 472 473 464)
4(472 481 482 473)
4(481 490 491 482)
4(490 499 500 491)
4(499 508 509 500)
4(508 517 518 509)
4(517 526 527 518)
4(526 535 536 527)
4(535 544 545 536)
4(544 553 554 545)
4(553 562 563 554)
4(562 571 572 563)
4(571 580 581 572)
4(580 589 590 581)
4(589 598 599 590)
4(598 607 608 599)
4(607 616 617 608)
4(616 625 626 617)
4(625 634 635 626)
4(634 643 644 635)
4(643 652 653 644)
4(652 661 662 653)
4(661 670 671 662)
4(670 679 680 671)
4(679 688 689 680)
4(688 697 698 689)
4(697 706 707 698)
4(706 715 716 707)
4(715 724 725 716)
4(5 14 15 6)
4(14 23 24 15)
4(23 32 33 24)
4(32 41 42 33)
4(41 50 51 42)
4(50 59 60 51)
4(59 68 69 60)
4(68 77 78 69)
4(77 86 87 78)
4(86 95 96 87)
4(95 104 105 96)
4(104 113 114 105)
4(113 122 123 114)
4(122 131 132 123)
4(131 140 141 132)
4(140 149 150 141)
4(149 158 159 150)
4(158 167 168 159)
4(167 176 177 168)
4(176 185 186 177)
4(185 194 195 186)
4(194 203 204 195)
4(203 212 213 204)
4(212 221 222 213)
4(221 230 231 222)
4(230 239 240 231)
4(239 248 249 240)
4(248 257 258 249)
4(257 266 267 258)
4(266 275 276 267)
4(275 284 285 276)
4(284 293 294 285)
4(293 302 303 294)
4(302 311 312 303)
4(311 320 321 312)
4(320 329 330 321)
4(329 338 339 330)
4(338 347 348 339)
4(347 356 357 348)
4(356 365 366 357)
4(365 374 375 366)
4(374 383 384 375)
4(383 392 393 384)
4(392 401 402 393)
4(401 410 411 402)
4(410 419 420 411)
4(419 428 429 420)
4(428 437 438 429)
4(437 446 447 438)
4(446 455 456 447)
4(455 464 465 456)
4(464 473 474 465)
4(473 482 483 474)
4(482 491 492 483)
4(491 500 501 492)
4(500 509 510 501)
4(509 518 519 510)
4(518 527 528 519)
4(527 536 537 528)
4(536 545 546 537)
4(545 554 555 546)
4(554 563 564 555)
4(563 572 573 564)
4(572 581 582 573)
4(581 590 591 582)
4(590 599 600 591)
4(599 608 609 600)
4(608 617 618 609)
4(617 626 627 618)
4(626 635 636 627)
4(635 644 645 636)
4(644 653 654 645)
4(653 662 663 654)
4(662 671 672 663)
4(671 680 681 672)
4(680 689 690 681)
4(689 698 699 690)
4(698 707 708 699)
4(707 716 717 708)
4(716 725 726 717)
4(6 15 16 7)
4(15 24 25 16)
4(24 33 34 25)
4(33 42 43 34)
4(42 51 52 43)
4(51 60 61 52)
4(60 69 70 61)
4(69 78 79 70)
4(78 87 88 79)
4(87 96 97 88)
4(96 105 106 97)
4(105 114 115 106)
4(114 123 124 115)
4(123 132 133 124)
4(132 141 142 133)
4(141 150 151 142)
4(150 159 160 151)
4(159 168 169 160)
4(168 177 178 169)
4(177 186 187 178)
4(186 195 196 187)
4(195 204 205 196)
4(204 213 214 205)
4(213 222 223 214)
4(222 231 232 223)
4(231 240 241 232)
4(240 249 250 241)
4(249 258 259 250)
4(258 267 268 259)
4(267 276 277 268)
4(276 285 286 277)
4(285 294 295 286)
4(294 303 304 295)
4(303 312 313 304)
4(312 321 322 313)
4(321 330 331 322)
4(330 339 340 331)
4(339 348 349 340)
4(348 357 358 349)
4(357 366 367 358)
4(366 375 376 367)
4(375 384 385 376)
4(384 393 394 385)
4(393 402 403 394)
4(402 411 412 403)
4(411 420 421 412)
4(420 429 430 421)
4(429 438 439 430)
4(438 447 448 439)
4(447 456 457 448)
4(456 465 466 457)
4(465 474 475 466)
4(474 483 484 475)
4(483 492 493 484)
4(492 501 502 493)
4(501 510 511 502)
4(510 519 520 511)
4(519 528 529 520)
4(528 537 538 529)
4(537 546 547 538)
4(546 555 556 547)
4(555 564 565 556)
4(564 573 574 565)
4(573 582 583 574)
4(582 591 592 583)
4(591 600 601 592)
4(600 609 610 601)
4(609 618 619 610)
4(618 627 628 619)
4(627 636 637 628)
4(636 645 646 637)
4(645 654 655 646)
4(654 663 664 655)
4(663 672 673 664)
4(672 681 682 673)
4(681 690 691 682)
4(690 699 700 691)
4(699 708 709 700)
4(708 717 718 709)
4(717 726 727 718)
4(7 16 17 8)
4(16 25 26 17)
4(25 34 35 26)
4(34 43 44 35)
4(43 52 53 44)
4(52 61 62 53)
4(61 70 71 62)
4(70 79 80 71)
4(79 88 89 80)
4(88 97 98 89)
4(97 106 107 98)
4(106 115 116 107)
4(115 124 125 116)
4(124 133 134 125)
4(133 142 143 134)
4(142 151 152 143)
4(151 160 161 152)
4(160 169 170 161)
4(169 178 179 170)
4(178 187 188 179)
4(187 196 197 188)
4(196 205 206 197)
4(205 214 215 206)
4(214 223 224 215)
4(223 232 233 224)
4(232 241 242 233)
4(241 250 251 242)
4(250 259 260 251)
4(259 268 269 260)
4(268 277 278 269)
4(277 286 287 278)
4(286 295 296 287)
4(295 304 305 296)
4(304 313 314 305)
4(313 322 323 314)
4(322 331 332 323)
4(331 340 341 332)
4(340 349 350 341)
4(349 358 359 350)
4(358 367 368 359)
4(367 376 377 368)
4(376 385 386 377)
4(385 394 395 386)
4(394 403 404 395)
4(403 412 413 404)
4(412 421 422 413)
4(421 430 431 422)
4(430 439 440 431)
4(439 448 449 440)
4(448 457 458 449)
4(457 466 467 458)
4(466 475 476 467)
4(475 484 485 476)
4(484 493 494 485)
4(493 502 503 494)
4(502 511 512 503)
4(511 520 521 512)
4(520 529 530 521)
4(529 538 539 530)
4(538 547 548 539)
4(547 556 557 548)
4(556 565 566 557)
4(565 574 575 566)
4(574 583 584 575)
4(583 592 593 584)
4(592 601 602 593)
4(601 610 611 602)
4(610 619 620 611)
4(619 628 629 620)
4(628 637 638 629)
4(637 646 647 638)
4(646 655 656 647)
4(655 664 665 656)
4(664 673 674 665)
4(673 682 683 674)
4(682 691 692 683)
4(691 700 701 692)
4(700 709 710 701)
4(709 718 719 710)
4(718 727 728 719)
4(729 730 739 738)
4(738 739 748 747)
4(747 748 757 756)
4(756 757 766 765)
4(765 766 775 774)
4(774 775 784 783)
4(783 784 793 792)
4(792 793 802 801)
4(801 802 811 810)
4(810 811 820 819)
4(819 820 829 828)
4(828 829 838 837)
4(837 838 847 846)
4(846 847 856 855)
4(855 856 865 864)
4(864 865 874 873)
4(873 874 883 882)
4(882 883 892 891)
4(891 892 901 900)
4(900 901 910 909)
4(909 910 919 918)
4(918 919 928 927)
4(927 928 937 936)
4(936 937 946 945)
4(945 946 955 954)
4(954 955 964 963)
4(963 964 973 972)
4(972 973 982 981)
4(981 982 991 990)
4(990 991 1000 999)
4(999 1000 1009 1008)
4(1008 1009 1018 1017)
4(1017 1018 1027 1026)
4(1026 1027 1036 1035)
4(1035 1036 1045 1044)
4(1044 1045 1054 1053)
4(1053 1054 1063 1062)
4(1062 1063 1072 1071)
4(1071 1072 1081 1080)
4(1080 1081 1090 1089)
4(1089 1090 1099 1098)
4(1098 1099 1108 1107)
4(1107 1108 1117 1116)
4(1116 1117 1126 1125)
4(1125 1126 1135 1134)
4(1134 1135 1144 1143)
4(1143 1144 1153 1152)
4(1152 1153 1162 1161)
4(1161 1162 1171 1170)
4(1170 1171 1180 1179)
4(1179 1180 1189 1188)
4(1188 1189 1198 1197)
4(1197 1198 1207 1206)
4(1206 1207 1216 1215)
4(1215 1216 1225 1224)
4(1224 1225 1234 1233)
4(1233 1234 1243 1242)
4(1242 1243 1252 1251)
4(1251 1252 1261 1260)
4(1260 1261 1270 1269)
4(1269 1270 1279 1278)
4(1278 1279 1288 1287)
4(1287 1288 1297 1296)
4(1296 1297 1306 1305)
4(1305 1306 1315 1314)
4(1314 1315 1324 1323)
4(1323 1324 1333 1332)
4(1332 1333 1342 1341)
4(1341 1342 1351 1350)
4(1350 1351 1360 1359)
4(1359 1360 1369 1368)
4(1368 1369 1378 1377)
4(1377 1378 1387 1386)
4(1386 1387 1396 1395)
4(1395 1396 1405 1404)
4(1404 1405 1414 1413)
4(1413 1414 1423 1422)
4(1422 1423 1432 1431)
4(1431 1432 1441 1440)
4(1440 1441 1450 1449)
4(730 731 740 739)
4(739 740 749 748)
4(748 749 758 757)
4(757 758 767 766)
4(766 767 776 775)
4(775 776 785 784)
4(784 785 794 793)
4(793 794 803 802)
4(802 803 812 811)
4(811 812 821 820)
4(820 821 830 829)
4(829 830 839 838)
4(838 839 848 847)
4(847 848 857 856)
4(856 857 866 865)
4(865 866 875 874)
4(874 875 884 883)
4(883 884 893 892)
4(892 893 902 901)
4(901 902 911 910)
4(910 911 920 919)
4(919 920 929 928)
4(928 929 938 937)
4(937 938 947 946)
4(946 947 956 955)
4(955 956 965 964)
4(964 965 974 973)
4(973 974 983 982)
4(982 983 992 991)
4(991 992 1001 1000)
4(1000 1001 1010 1009)
4(1009 1010 1019 1018)
4(1018 1019 1028 1027)
4(1027 1028 1037 1036)
4(1036 1037 1046 1045)
4(1045 1046 1055 1054)
4(1054 1055 1064 1063)
4(1063 1064 1073 1072)
4(1072 1073 1082 1081)
4(1081 1082 1091 1090)
4(1090 1091 1100 1099)
4(1099 1100 1109 1108)
4(1108 1109 1118 1117)
4(1117 1118 1127 1126)
4(1126 1127 1136 1135)
4(1135 1136 1145 1144)
4(1144 1145 1154 1153)
4(1153 1154 1163 1162)
4(1162 1163 1172 1171)
4(1171 1172 1181 1180)
4(1180 1181 1190 1189)
4(1189 1190 1199 1198)
4(1198 1199 1208 1207)
4(1207 1208 1217 1216)
4(1216 1217 1226 1225)
4(1225 1226 1235 1234)
4(1234 1235 1244 1243)
4(1243 1244 1253 1252)
4(1252 1253 1262 1261)
4(1261 1262 1271 1270)
4(1270 1271 1280 1279)
4(1279 1280 1289 1288)
4(1288 1289 1298 1297)
4(1297 1298 1307 1306)
4(1306 1307 1316 1315)
4(1315 1316 1325 1324)
4(1324 1325 1334 1333)
4(1333 1334 1343 1342)
4(1342 1343 1352 1351)
4(1351 1352 1361 1360)
4(1360 1361 1370 1369)
4(1369 1370 1379 1378)
4(1378 1379 1388 1387)
4(1387 1388 1397 1396)
4(1396 1397 1406 1405)
4(1405 1406 1415 1414)
4(1414 1415 1424 1423)
4(1423 1424 1433 1432)
4(1432 1433 1442 1441)
4(1441 1442 1451 1450)
4(731 732 741 740)
4(740 741 750 749)
4(749 750 759 758)
4(758 759 768 767)
4(767 768 777 776)
4(776 777 786 785)
4(785 786 795 794)
4(794 795 804 803)
4(803 804 813 812)
4(812 813 822 821)
4(821 822 831 830)
4(830 831 840 839)
4(839 840 849 848)
4(848 849 858 857)
4(857 858 867 866)
4(866 867 876 875)
4(875 876 885 884)
4(884 885 894 893)
4(893 894 903 902)
4(902 903 912 911)
4(911 912 921 920)
4(920 921 930 929)
4(929 930 939 938)
4(938 939 948 947)
4(947 948 957 956)
4(956 957 966 965)
4(965 966 975 974)
4(974 975 984 983)
4(983 984 993 992)
4(992 993 1002 1001)
4(1001 1002 1011 1010)
4(1010 1011 1020 1019)
4(1019 1020 1029 1028)
4(1028 1029 1038 1037)
4(1037 1038 1047 1046)
4(1046 1047 1056 1055)
4(1055 1056 1065 1064)
4(1064 1065 1074 1073)
4(1073 1074 1083 1082)
4(1082 1083 1092 1091)
4(1091 1092 1101 1100)
4(1100 1101 1110 1109)
4(1109 1110 1119 1118)
4(1118 1119 1128 1127)
4(1127 1128 1137 1136)
4(1136 1137 1146 1145)
4(1145 1146 1155 1154)
4(1154 1155 1164 1163)
4(1163 1164 1173 1172)
4(1172 1173 1182 1181)
4(1181 1182 1191 1190)
4(1190 1191 1200 1199)
4(1199 1200 1209 1208)
4(1208 1209 1218 1217)
4(1217 1218 1227 1226)
4(1226 1227 1236 1235)
4(1235 1236 1245 1244)
4(1244 1245 1254 1253)
4(1253 1254 1263 1262)
4(1262 1263 1272 1271)
4(1271 1272 1281 1280)
4(1280 1281 1290 1289)
4(1289 1290 1299 1298)
4(1298 1299 1308 1307)
4(1307 1308 1317 1316)
4(1316 1317 1326 1325)
4(1325 1326 1335 1334)
4(1334 1335 1344 1343)
4(1343 1344 1353 1352)
4(1352 1353 1362 1361)
4(1361 1362 1371 1370)
4(1370 1371 1380 1379)
4(1379 1380 1389 1388)
4(1388 1389 1398 1397)
4(1397 1398 1407 1406)
4(1406 1407 1416 1415)
4(1415 1416 1425 1424)
4(1424 1425 1434 1433)
4(1433 1434 1443 1442)
4(1442 1443 1452 1451)
4(732 733 742 741)
4(741 742 751 750)
4(750 751 760 759)
4(759 760 769 768)
4(768 769 778 777)
4(777 778 787 786)
4(786 787 796 795)
4(795 796 805 804)
4(804 805 814 813)
4(813 814 823 822)
4(822 823 832 831)
4(831 832 841 840)
4(840 841 850 849)
4(849 850 859 858)
4(858 859 868 867)
4(867 868 877 876)
4(876 877 886 885)
4(885 886 895 894)
4(894 895 904 903)
4(903 904 913 912)
4(912 913 922 921)
4(921 922 931 930)
4(930 931 940 939)
4(939 940 949 948)
4(948 949 958 957)
4(957 958 967 966)
4(966 967 976 975)
4(975 976 985 984)
4(984 985 994 993)
4(993 994 1003 1002)
4(1002 1003 1012 1011)
4(1011 1012 1021 1020)
4(1020 1021 1030 1029)
4(1029 1030 1039 1038)
4(1038 1039 1048 1047)
4(1047 1048 1057 1056)
4(1056 1057 1066 1065)
4(1065 1066 1075 1074)
4(1074 1075 1084 1083)
4(1083 1084 1093 1092)
4(1092 1093 1102 1101)
4(1101 1102 1111 1110)
4(1110 1111 1120 1119)
4(1119 1120 1129 1128)
4(1128 1129 1138 1137)
4(1137 1138 1147 1146)
4(1146 1147 1156 1155)
4(1155 1156 1165 1164)
4(1164 1165 1174 1173)
4(1173 1174 1183 1182)
4(1182 1183 1192 1191)
4(1191 1192 1201 1200)
4(1200 1201 1210 1209)
4(1209 1210 1219 1218)
4(1218 1219 1228 1227)
4(1227 1228 1237 1236)
4(1236 1237 1246 1245)
4(1245 1246 1255 1254)
4(1254 1255 1264 1263)
4(1263 1264 1273 1272)
4(1272 1273 1282 1281)
4(1281 1282 1291 1290)
4(1290 1291 1300 1299)
4(1299 1300 1309 1308)
4(1308 1309 1318 1317)
4(1317 1318 1327 1326)
4(1326 1327 1336 1335)
4(1335 1336 1345 1344)
4(1344 1345 1354 1353)
4(1353 1354 1363 1362)
4(1362 1363 1372 1371)
4(1371 1372 1381 1380)
4(1380 1381 1390 1389)
4(1389 1390 1399 1398)
4(1398 1399 1408 1407)
4(1407 1408 1417 1416)
4(1416 1417 1426 1425)
4(1425 1426 1435 1434)
4(1434 1435 1444 1443)
4(1443 1444 1453 1452)
4(733 734 743 742)
4(742 743 752 751)
4(751 752 761 760)
4(760 761 770 769)
4(769 770 779 778)
4(778 779 788 787)
4(787 788 797 796)
4(796 797 806 805)
4(805 806 815 814)
4(814 815 824 823)
4(823 824 833 832)
4(832 833 842 841)
4(841 842 851 850)
4(850 851 860 859)
4(859 860 869 868)
4(868 869 878 877)
4(877 878 887 886)
4(886 887 896 895)
4(895 896 905 904)
4(904 905 914 913)
4(913 914 923 922)
4(922 923 932 931)
4(931 932 941 940)
4(940 941 950 949)
4(949 950 959 958)
4(958 959 968 967)
4(967 968 977 976)
4(976 977 986 985)
4(985 986 995 994)
4(994 995 1004 1003)
4(1003 1004 1013 1012)
4(1012 1013 1022 1021)
4(1021 1022 1031 1030)
4(1030 1031 1040 1039)
4(1039 1040 1049 1048)
4(1048 1049 1058 1057)
4(1057 1058 1067 1066)
4(1066 1067 1076 1075)
4(1075 1076 1085 1084)
4(1084 1085 1094 1093)
4(1093 1094 1103 1102)
4(1102 1103 1112 1111)
4(1111 1112 1121 1120)
4(1120 1121 1130 1129)
4(1129 1130 1139 1138)
4(1138 1139 1148 1147)
4(1147 1148 1157 1156)
4(1156 1157 1166 1165)
4(1165 1166 1175 1174)
4(1174 1175 1184 1183)
4(1183 1184 1193 1192)
4(1192 1193 1202 1201)
4(1201 1202 1211 1210)
4(1210 1211 1220 1219)
4(1219 1220 1229 1228)
4(1228 1229 1238 1237)
4(1237 1238 1247 1246)
4(1246 1247 1256 1255)
4(1255 1256 1265 1264)
4(1264 1265 1274 1273)
4(1273 1274 1283 1282)
4(1282 1283 1292 1291)
4(1291 1292 1301 1300)
4(1300 1301 1310 1309)
4(1309 1310 1319 1318)
4(1318 1319 1328 1327)
4(1327 1328 1337 1336)
4(1336 1337 1346 1345)
4(1345 1346 1355 1354)
4(1354 1355 1364 1363)
4(1363 1364 1373 1372)
4(1372 1373 1382 1381)
4(1381 1382 1391 1390)
4(1390 1391 1400 1399)
4(1399 1400 1409 1408)
4(1408 1409 1418 1417)
4(1417 1418 1427 1426)
4(1426 1427 1436 1435)
4(1435 1436 1445 1444)
4(1444 1445 1454 1453)
4(734 735 744 743)
4(743 744 753 752)
4(752 753 762 761)
4(761 762 771 770)
4(770 771 780 779)
4(779 780 789 788)
4(788 789 798 797)
4(797 798 807 806)
4(806 807 816 815)
4(815 816 825 824)
4(824 825 834 833)
4(833 834 843 842)
4(842 843 852 851)
4(851 852 861 860)
4(860 861 870 869)
4(869 870 879 878)
4(878 879 888 887)
4(887 888 897 896)
4(896 897 906 905)
4(905 906 915 914)
4(914 915 924 923)
4(923 924 933 932)
4(932 933 942 941)
4(941 942 951 950)
4(950 951 960 959)
4(959 960 969 968)
4(968 969 978 977)
4(977 978 987 986)
4(986 987 996 995)
4(995 996 1005 1004)
4(1004 1005 1014 1013)
4(1013 1014 1023 1022)
4(1022 1023 1032 1031)
4(1031 1032 1041 1040)
4(1040 1041 1050 1049)
4(1049 1050 1059 1058)
4(1058 1059 1068 1067)
4(1067 1068 1077 1076)
4(1076 1077 1086 1085)
4(1085 1086 1095 1094)
4(1094 1095 1104 1103)
4(1103 1104 1113 1112)
4(1112 1113 1122 1121)
4(1121 1122 1131 1130)
4(1130 1131 1140 1139)
4(1139 1140 1149 1148)
4(1148 1149 1158 1157)
4(1157 1158 1167 1166)
4(1166 1167 1176 1175)
4(1175 1176 1185 1184)
4(1184 1185 1194 1193)
4(1193 1194 1203 1202)
4(1202 1203 1212 1211)
4(1211 1212 1221 1220)
4(1220 1221 1230 1229)
4(1229 1230 1239 1238)
4(1238 1239 1248 1247)
4(1247 1248 1257 1256)
4(1256 1257 1266 1265)
4(1265 1266 1275 1274)
4(1274 1275 1284 1283)
4(1283 1284 1293 1292)
4(1292 1293 1302 1301)
4(1301 1302 1311 1310)
4(1310 1311 1320 1319)
4(1319 1320 1329 1328)
4(1328 1329 1338 1337)
4(1337 1338 1347 1346)
4(1346 1347 1356 1355)
4(1355 1356 1365 1364)
4(1364 1365 1374 1373)
4(1373 1374 1383 1382)
4(1382 1383 1392 1391)
4(1391 1392 1401 1400)
4(1400 1401 1410 1409)
4(1409 1410 1419 1418)
4(1418 1419 1428 1427)
4(1427 1428 1437 1436)
4(1436 1437 1446 1445)
4(1445 1446 1455 1454)
4(735 736 745 744)
4(744 745 754 753)
4(753 754 763 762)
4(762 763 772 771)
4(771 772 781 780)
4(780 781 790 789)
4(789 790 799 798)
4(798 799 808 807)
4(807 808 817 816)
4(816 817 826 825)
4(825 826 835 834)
4(834 835 844 843)
4(843 844 853 852)
4(852 853 862 861)
4(861 862 871 870)
4(870 871 880 879)
4(879 880 889 888)
4(888 889 898 897)
4(897 898 907 906)
4(906 907 916 915)
4(915 916 925 924)
4(924 925 934 933)
4(933 934 943 942)
4(942 943 952 951)
4(951 952 961 960)
4(960 961 970 969)
4(969 970 979 978)
4(978 979 988 987)
4(987 988 997 996)
4(996 997 1006 1005)
4(1005 1006 1015 1014)
4(1014 1015 1024 1023)
4(1023 1024 1033 1032)
4(1032 1033 1042 1041)
4(1041 1042 1051 1050)
4(1050 1051 1060 1059)
4(1059 1060 1069 1068)
4(1068 1069 1078 1077)
4(1077 1078 1087 1086)
4(1086 1087 1096 1095)
4(1095 1096 1105 1104)
4(1104 1105 1114 1113)
4(1113 1114 1123 1122)
4(1122 1123 1132 1131)
4(1131 1132 1141 1140)
4(1140 1141 1150 1149)
4(1149 1150 1159 1158)
4(1158 1159 1168 1167)
4(1167 1168 1177 1176)
4(1176 1177 1186 1185)
4(1185 1186 1195 1194)
4(1194 1195 1204 1203)
4(1203 1204 1213 1212)
4(1212 1213 1222 1221)
4(1221 1222 1231 1230)
4(1230 1231 1240 1239)
4(1239 1240 1249 1248)
4(1248 1249 1258 1257)
4(1257 1258 1267 1266)
4(1266 1267 1276 1275)
4(1275 1276 1285 1284)
4(1284 1285 1294 1293)
4(1293 1294 1303 1302)
4(1302 1303 1312 1311)
4(1311 1312 1321 1320)
4(1320 1321 1330 1329)
4(1329 1330 1339 1338)
4(1338 1339 1348 1347)
4(1347 1348 1357 1356)
4(1356 1357 1366 1365)
4(1365 1366 1375 1374)
4(1374 1375 1384 1383)
4(1383 1384 1393 1392)
4(1392 1393 1402 1401)
4(1401 1402 1411 1410)
4(1410 1411 1420 1419)
4(1419 1420 1429 1428)
4(1428 1429 1438 1437)
4(1437 1438 1447 1446)
4(1446 1447 1456 1455)
4(736 737 746 745)
4(745 746 755 754)
4(754 755 764 763)
4(763 764 773 772)
4(772 773 782 781)
4(781 782 791 790)
4(790 791 800 799)
4(799 800 809 808)
4(808 809 818 817)
4(817 818 827 826)
4(826 827 836 835)
4(835 836 845 844)
4(844 845 854 853)
4(853 854 863 862)
4(862 863 872 871)
4(871 872 881 880)
4(880 881 890 889)
4(889 890 899 898)
4(898 899 908 907)
4(907 908 917 916)
4(916 917 926 925)
4(925 926 935 934)
4(934 935 944 943)
4(943 944 953 952)
4(952 953 962 961)
4(961 962 971 970)
4(970 971 980 979)
4(979 980 989 988)
4(988 989 998 997)
4(997 998 1007 1006)
4(1006 1007 1016 1015)
4(1015 1016 1025 1024)
4(1024 1025 1034 1033)
4(1033 1034 1043 1042)
4(1042 1043 1052 1051)
4(1051 1052 1061 1060)
4(1060 1061 1070 1069)
4(1069 1070 1079 1078)
4(1078 1079 1088 1087)
4(1087 1088 1097 1096)
4(1096 1097 1106 1105)
4(1105 1106 1115 1114)
4(1114 1115 1124 1123)
4(1123 1124 1133 1132)
4(1132 1133 1142 1141)
4(1141 1142 1151 1150)
4(1150 1151 1160 1159)
4(1159 1160 1169 1168)
4(1168 1169 1178 1177)
4(1177 1178 1187 1186)
4(1186 1187 1196 1195)
4(1195 1196 1205 1204)
4(1204 1205 1214 1213)
4(1213 1214 1223 1222)
4(1222 1223 1232 1231)
4(1231 1232 1241 1240)
4(1240 1241 1250 1249)
4(1249 1250 1259 1258)
4(1258 1259 1268 1267)
4(1267 1268 1277 1276)
4(1276 1277 1286 1285)
4(1285 1286 1295 1294)
4(1294 1295 1304 1303)
4(1303 1304 1313 1312)
4(1312 1313 1322 1321)
4(1321 1322 1331 1330)
4(1330 1331 1340 1339)
4(1339 1340 1349 1348)
4(1348 1349 1358 1357)
4(1357 1358 1367 1366)
4(1366 1367 1376 1375)
4(1375 1376 1385 1384)
4(1384 1385 1394 1393)
4(1393 1394 1403 1402)
4(1402 1403 1412 1411)
4(1411 1412 1421 1420)
4(1420 1421 1430 1429)
4(1429 1430 1439 1438)
4(1438 1439 1448 1447)
4(1447 1448 1457 1456)
)


// ************************************************************************* //
