/*--------------------------------*- C++ -*----------------------------------*\
| =========                 |                                                 |
| \\      /  F ield         | OpenFOAM: The Open Source CFD Toolbox           |
|  \\    /   O peration     | Version:  2512                                  |
|   \\  /    A nd           | Website:  www.openfoam.com                      |
|    \\/     M anipulation  |                                                 |
\*---------------------------------------------------------------------------*/
FoamFile
{
    version     2.0;
    format      ascii;
    arch        "LSB;label=32;scalar=64";
    class       vectorField;
    location    "constant/solid/polyMesh";
    object      points;
}
// * * * * * * * * * * * * * * * * * * * * * * * * * * * * * * * * * * * * * //


1458
(
(1.2 0.01 0)
(1.205 0.01 0)
(1.21 0.01 0)
(1.215 0.01 0)
(1.22 0.01 0)
(1.225 0.01 0)
(1.23 0.01 0)
(1.235 0.01 0)
(1.24 0.01 0)
(1.2 0.015 0)
(1.205 0.015 0)
(1.21 0.015 0)
(1.215 0.015 0)
(1.22 0.015 0)
(1.225 0.015 0)
(1.23 0.015 0)
(1.235 0.015 0)
(1.24 0.015 0)
(1.2 0.02 0)
(1.205 0.02 0)
(1.21 0.02 0)
(1.215 0.02 0)
(1.22 0.02 0)
(1.225 0.02 0)
(1.23 0.02 0)
(1.235 0.02 0)
(1.24 0.02 0)
(1.2 0.025 0)
(1.205 0.025 0)
(1.21 0.025 0)
(1.215 0.025 0)
(1.22 0.025 0)
(1.225 0.025 0)
(1.23 0.025 0)
(1.235 0.025 0)
(1.24 0.025 0)
(1.2 0.03 0)
(1.205 0.03 0)
(1.21 0.03 0)
(1.215 0.03 0)
(1.22 0.03 0)
(1.225 0.03 0)
(1.23 0.03 0)
(1.235 0.03 0)
(1.24 0.03 0)
(1.2 0.035 0)
(1.205 0.035 0)
(1.21 0.035 0)
(1.215 0.035 0)
(1.22 0.035 0)
(1.225 0.035 0)
(1.23 0.035 0)
(1.235 0.035 0)
(1.24 0.035 0)
(1.2 0.04 0)
(1.205 0.04 0)
(1.21 0.04 0)
(1.215 0.04 0)
(1.22 0.04 0)
(1.225 0.04 0)
(1.23 0.04 0)
(1.235 0.04 0)
(1.24 0.04 0)
(1.2 0.045 0)
(1.205 0.045 0)
(1.21 0.045 0)
(1.215 0.045 0)
(1.22 0.045 0)
(1.225 0.045 0)
(1.23 0.045 0)
(1.235 0.045 0)
(1.24 0.045 0)
(1.2 0.05 0)
(1.205 0.05 0)
(1.21 0.05 0)
(1.215 0.05 0)
(1.22 0.05 0)
(1.225 0.05 0)
(1.23 0.05 0)
(1.235 0.05 0)
(1.24 0.05 0)
(1.2 0.055 0)
(1.205 0.055 0)
(1.21 0.055 0)
(1.215 0.055 0)
(1.22 0.055 0)
(1.225 0.055 0)
(1.23 0.055 0)
(1.235 0.055 0)
(1.24 0.055 0)
(1.2 0.06 0)
(1.205 0.06 0)
(1.21 0.06 0)
(1.215 0.06 0)
(1.22 0.06 0)
(1.225 0.06 0)
(1.23 0.06 0)
(1.235 0.06 0)
(1.24 0.06 0)
(1.2 0.065 0)
(1.205 0.065 0)
(1.21 0.065 0)
(1.215 0.065 0)
(1.22 0.065 0)
(1.225 0.065 0)
(1.23 0.065 0)
(1.235 0.065 0)
(1.24 0.065 0)
(1.2 0.07 0)
(1.205 0.07 0)
(1.21 0.07 0)
(1.215 0.07 0)
(1.22 0.07 0)
(1.225 0.07 0)
(1.23 0.07 0)
(1.235 0.07 0)
(1.24 0.07 0)
(1.2 0.075 0)
(1.205 0.075 0)
(1.21 0.075 0)
(1.215 0.075 0)
(1.22 0.075 0)
(1.225 0.075 0)
(1.23 0.075 0)
(1.235 0.075 0)
(1.24 0.075 0)
(1.2 0.08 0)
(1.205 0.08 0)
(1.21 0.08 0)
(1.215 0.08 0)
(1.22 0.08 0)
(1.225 0.08 0)
(1.23 0.08 0)
(1.235 0.08 0)
(1.24 0.08 0)
(1.2 0.085 0)
(1.205 0.085 0)
(1.21 0.085 0)
(1.215 0.085 0)
(1.22 0.085 0)
(1.225 0.085 0)
(1.23 0.085 0)
(1.235 0.085 0)
(1.24 0.085 0)
(1.2 0.09 0)
(1.205 0.09 0)
(1.21 0.09 0)
(1.215 0.09 0)
(1.22 0.09 0)
(1.225 0.09 0)
(1.23 0.09 0)
(1.235 0.09 0)
(1.24 0.09 0)
(1.2 0.095 0)
(1.205 0.095 0)
(1.21 0.095 0)
(1.215 0.095 0)
(1.22 0.095 0)
(1.225 0.095 0)
(1.23 0.095 0)
(1.235 0.095 0)
(1.24 0.095 0)
(1.2 0.1 0)
(1.205 0.1 0)
(1.21 0.1 0)
(1.215 0.1 0)
(1.22 0.1 0)
(1.225 0.1 0)
(1.23 0.1 0)
(1.235 0.1 0)
(1.24 0.1 0)
(1.2 0.105 0)
(1.205 0.105 0)
(1.21 0.105 0)
(1.215 0.105 0)
(1.22 0.105 0)
(1.225 0.105 0)
(1.23 0.105 0)
(1.235 0.105 0)
(1.24 0.105 0)
(1.2 0.11 0)
(1.205 0.11 0)
(1.21 0.11 0)
(1.215 0.11 0)
(1.22 0.11 0)
(1.225 0.11 0)
(1.23 0.11 0)
(1.235 0.11 0)
(1.24 0.11 0)
(1.2 0.115 0)
(1.205 0.115 0)
(1.21 0.115 0)
(1.215 0.115 0)
(1.22 0.115 0)
(1.225 0.115 0)
(1.23 0.115 0)
(1.235 0.115 0)
(1.24 0.115 0)
(1.2 0.12 0)
(1.205 0.12 0)
(1.21 0.12 0)
(1.215 0.12 0)
(1.22 0.12 0)
(1.225 0.12 0)
(1.23 0.12 0)
(1.235 0.12 0)
(1.24 0.12 0)
(1.2 0.125 0)
(1.205 0.125 0)
(1.21 0.125 0)
(1.215 0.125 0)
(1.22 0.125 0)
(1.225 0.125 0)
(1.23 0.125 0)
(1.235 0.125 0)
(1.24 0.125 0)
(1.2 0.13 0)
(1.205 0.13 0)
(1.21 0.13 0)
(1.215 0.13 0)
(1.22 0.13 0)
(1.225 0.13 0)
(1.23 0.13 0)
(1.235 0.13 0)
(1.24 0.13 0)
(1.2 0.135 0)
(1.205 0.135 0)
(1.21 0.135 0)
(1.215 0.135 0)
(1.22 0.135 0)
(1.225 0.135 0)
(1.23 0.135 0)
(1.235 0.135 0)
(1.24 0.135 0)
(1.2 0.14 0)
(1.205 0.14 0)
(1.21 0.14 0)
(1.215 0.14 0)
(1.22 0.14 0)
(1.225 0.14 0)
(1.23 0.14 0)
(1.235 0.14 0)
(1.24 0.14 0)
(1.2 0.145 0)
(1.205 0.145 0)
(1.21 0.145 0)
(1.215 0.145 0)
(1.22 0.145 0)
(1.225 0.145 0)
(1.23 0.145 0)
(1.235 0.145 0)
(1.24 0.145 0)
(1.2 0.15 0)
(1.205 0.15 0)
(1.21 0.15 0)
(1.215 0.15 0)
(1.22 0.15 0)
(1.225 0.15 0)
(1.23 0.15 0)
(1.235 0.15 0)
(1.24 0.15 0)
(1.2 0.155 0)
(1.205 0.155 0)
(1.21 0.155 0)
(1.215 0.155 0)
(1.22 0.155 0)
(1.225 0.155 0)
(1.23 0.155 0)
(1.235 0.155 0)
(1.24 0.155 0)
(1.2 0.16 0)
(1.205 0.16 0)
(1.21 0.16 0)
(1.215 0.16 0)
(1.22 0.16 0)
(1.225 0.16 0)
(1.23 0.16 0)
(1.235 0.16 0)
(1.24 0.16 0)
(1.2 0.165 0)
(1.205 0.165 0)
(1.21 0.165 0)
(1.215 0.165 0)
(1.22 0.165 0)
(1.225 0.165 0)
(1.23 0.165 0)
(1.235 0.165 0)
(1.24 0.165 0)
(1.2 0.17 0)
(1.205 0.17 0)
(1.21 0.17 0)
(1.215 0.17 0)
(1.22 0.17 0)
(1.225 0.17 0)
(1.23 0.17 0)
(1.235 0.17 0)
(1.24 0.17 0)
(1.2 0.175 0)
(1.205 0.175 0)
(1.21 0.175 0)
(1.215 0.175 0)
(1.22 0.175 0)
(1.225 0.175 0)
(1.23 0.175 0)
(1.235 0.175 0)
(1.24 0.175 0)
(1.2 0.18 0)
(1.205 0.18 0)
(1.21 0.18 0)
(1.215 0.18 0)
(1.22 0.18 0)
(1.225 0.18 0)
(1.23 0.18 0)
(1.235 0.18 0)
(1.24 0.18 0)
(1.2 0.185 0)
(1.205 0.185 0)
(1.21 0.185 0)
(1.215 0.185 0)
(1.22 0.185 0)
(1.225 0.185 0)
(1.23 0.185 0)
(1.235 0.185 0)
(1.24 0.185 0)
(1.2 0.19 0)
(1.205 0.19 0)
(1.21 0.19 0)
(1.215 0.19 0)
(1.22 0.19 0)
(1.225 0.19 0)
(1.23 0.19 0)
(1.235 0.19 0)
(1.24 0.19 0)
(1.2 0.195 0)
(1.205 0.195 0)
(1.21 0.195 0)
(1.215 0.195 0)
(1.22 0.195 0)
(1.225 0.195 0)
(1.23 0.195 0)
(1.235 0.195 0)
(1.24 0.195 0)
(1.2 0.2 0)
(1.205 0.2 0)
(1.21 0.2 0)
(1.215 0.2 0)
(1.22 0.2 0)
(1.225 0.2 0)
(1.23 0.2 0)
(1.235 0.2 0)
(1.24 0.2 0)
(1.2 0.205 0)
(1.205 0.205 0)
(1.21 0.205 0)
(1.215 0.205 0)
(1.22 0.205 0)
(1.225 0.205 0)
(1.23 0.205 0)
(1.235 0.205 0)
(1.24 0.205 0)
(1.2 0.21 0)
(1.205 0.21 0)
(1.21 0.21 0)
(1.215 0.21 0)
(1.22 0.21 0)
(1.225 0.21 0)
(1.23 0.21 0)
(1.235 0.21 0)
(1.24 0.21 0)
(1.2 0.215 0)
(1.205 0.215 0)
(1.21 0.215 0)
(1.215 0.215 0)
(1.22 0.215 0)
(1.225 0.215 0)
(1.23 0.215 0)
(1.235 0.215 0)
(1.24 0.215 0)
(1.2 0.22 0)
(1.205 0.22 0)
(1.21 0.22 0)
(1.215 0.22 0)
(1.22 0.22 0)
(1.225 0.22 0)
(1.23 0.22 0)
(1.235 0.22 0)
(1.24 0.22 0)
(1.2 0.225 0)
(1.205 0.225 0)
(1.21 0.225 0)
(1.215 0.225 0)
(1.22 0.225 0)
(1.225 0.225 0)
(1.23 0.225 0)
(1.235 0.225 0)
(1.24 0.225 0)
(1.2 0.23 0)
(1.205 0.23 0)
(1.21 0.23 0)
(1.215 0.23 0)
(1.22 0.23 0)
(1.225 0.23 0)
(1.23 0.23 0)
(1.235 0.23 0)
(1.24 0.23 0)
(1.2 0.235 0)
(1.205 0.235 0)
(1.21 0.235 0)
(1.215 0.235 0)
(1.22 0.235 0)
(1.225 0.235 0)
(1.23 0.235 0)
(1.235 0.235 0)
(1.24 0.235 0)
(1.2 0.24 0)
(1.205 0.24 0)
(1.21 0.24 0)
(1.215 0.24 0)
(1.22 0.24 0)
(1.225 0.24 0)
(1.23 0.24 0)
(1.235 0.24 0)
(1.24 0.24 0)
(1.2 0.245 0)
(1.205 0.245 0)
(1.21 0.245 0)
(1.215 0.245 0)
(1.22 0.245 0)
(1.225 0.245 0)
(1.23 0.245 0)
(1.235 0.245 0)
(1.24 0.245 0)
(1.2 0.25 0)
(1.205 0.25 0)
(1.21 0.25 0)
(1.215 0.25 0)
(1.22 0.25 0)
(1.225 0.25 0)
(1.23 0.25 0)
(1.235 0.25 0)
(1.24 0.25 0)
(1.2 0.255 0)
(1.205 0.255 0)
(1.21 0.255 0)
(1.215 0.255 0)
(1.22 0.255 0)
(1.225 0.255 0)
(1.23 0.255 0)
(1.235 0.255 0)
(1.24 0.255 0)
(1.2 0.26 0)
(1.205 0.26 0)
(1.21 0.26 0)
(1.215 0.26 0)
(1.22 0.26 0)
(1.225 0.26 0)
(1.23 0.26 0)
(1.235 0.26 0)
(1.24 0.26 0)
(1.2 0.265 0)
(1.205 0.265 0)
(1.21 0.265 0)
(1.215 0.265 0)
(1.22 0.265 0)
(1.225 0.265 0)
(1.23 0.265 0)
(1.235 0.265 0)
(1.24 0.265 0)
(1.2 0.27 0)
(1.205 0.27 0)
(1.21 0.27 0)
(1.215 0.27 0)
(1.22 0.27 0)
(1.225 0.27 0)
(1.23 0.27 0)
(1.235 0.27 0)
(1.24 0.27 0)
(1.2 0.275 0)
(1.205 0.275 0)
(1.21 0.275 0)
(1.215 0.275 0)
(1.22 0.275 0)
(1.225 0.275 0)
(1.23 0.275 0)
(1.235 0.275 0)
(1.24 0.275 0)
(1.2 0.28 0)
(1.205 0.28 0)
(1.21 0.28 0)
(1.215 0.28 0)
(1.22 0.28 0)
(1.225 0.28 0)
(1.23 0.28 0)
(1.235 0.28 0)
(1.24 0.28 0)
(1.2 0.285 0)
(1.205 0.285 0)
(1.21 0.285 0)
(1.215 0.285 0)
(1.22 0.285 0)
(1.225 0.285 0)
(1.23 0.285 0)
(1.235 0.285 0)
(1.24 0.285 0)
(1.2 0.29 0)
(1.205 0.29 0)
(1.21 0.29 0)
(1.215 0.29 0)
(1.22 0.29 0)
(1.225 0.29 0)
(1.23 0.29 0)
(1.235 0.29 0)
(1.24 0.29 0)
(1.2 0.295 0)
(1.205 0.295 0)
(1.21 0.295 0)
(1.215 0.295 0)
(1.22 0.295 0)
(1.225 0.295 0)
(1.23 0.295 0)
(1.235 0.295 0)
(1.24 0.295 0)
(1.2 0.3 0)
(1.205 0.3 0)
(1.21 0.3 0)
(1.215 0.3 0)
(1.22 0.3 0)
(1.225 0.3 0)
(1.23 0.3 0)
(1.235 0.3 0)
(1.24 0.3 0)
(1.2 0.305 0)
(1.205 0.305 0)
(1.21 0.305 0)
(1.215 0.305 0)
(1.22 0.305 0)
(1.225 0.305 0)
(1.23 0.305 0)
(1.235 0.305 0)
(1.24 0.305 0)
(1.2 0.31 0)
(1.205 0.31 0)
(1.21 0.31 0)
(1.215 0.31 0)
(1.22 0.31 0)
(1.225 0.31 0)
(1.23 0.31 0)
(1.235 0.31 0)
(1.24 0.31 0)
(1.2 0.315 0)
(1.205 0.315 0)
(1.21 0.315 0)
(1.215 0.315 0)
(1.22 0.315 0)
(1.225 0.315 0)
(1.23 0.315 0)
(1.235 0.315 0)
(1.24 0.315 0)
(1.2 0.32 0)
(1.205 0.32 0)
(1.21 0.32 0)
(1.215 0.32 0)
(1.22 0.32 0)
(1.225 0.32 0)
(1.23 0.32 0)
(1.235 0.32 0)
(1.24 0.32 0)
(1.2 0.325 0)
(1.205 0.325 0)
(1.21 0.325 0)
(1.215 0.325 0)
(1.22 0.325 0)
(1.225 0.325 0)
(1.23 0.325 0)
(1.235 0.325 0)
(1.24 0.325 0)
(1.2 0.33 0)
(1.205 0.33 0)
(1.21 0.33 0)
(1.215 0.33 0)
(1.22 0.33 0)
(1.225 0.33 0)
(1.23 0.33 0)
(1.235 0.33 0)
(1.24 0.33 0)
(1.2 0.335 0)
(1.205 0.335 0)
(1.21 0.335 0)
(1.215 0.335 0)
(1.22 0.335 0)
(1.225 0.335 0)
(1.23 0.335 0)
(1.235 0.335 0)
(1.24 0.335 0)
(1.2 0.34 0)
(1.205 0.34 0)
(1.21 0.34 0)
(1.215 0.34 0)
(1.22 0.34 0)
(1.225 0.34 0)
(1.23 0.34 0)
(1.235 0.34 0)
(1.24 0.34 0)
(1.2 0.345 0)
(1.205 0.345 0)
(1.21 0.345 0)
(1.215 0.345 0)
(1.22 0.345 0)
(1.225 0.345 0)
(1.23 0.345 0)
(1.235 0.345 0)
(1.24 0.345 0)
(1.2 0.35 0)
(1.205 0.35 0)
(1.21 0.35 0)
(1.215 0.35 0)
(1.22 0.35 0)
(1.225 0.35 0)
(1.23 0.35 0)
(1.235 0.35 0)
(1.24 0.35 0)
(1.2 0.355 0)
(1.205 0.355 0)
(1.21 0.355 0)
(1.215 0.355 0)
(1.22 0.355 0)
(1.225 0.355 0)
(1.23 0.355 0)
(1.235 0.355 0)
(1.24 0.355 0)
(1.2 0.36 0)
(1.205 0.36 0)
(1.21 0.36 0)
(1.215 0.36 0)
(1.22 0.36 0)
(1.225 0.36 0)
(1.23 0.36 0)
(1.235 0.36 0)
(1.24 0.36 0)
(1.2 0.365 0)
(1.205 0.365 0)
(1.21 0.365 0)
(1.215 0.365 0)
(1.22 0.365 0)
(1.225 0.365 0)
(1.23 0.365 0)
(1.235 0.365 0)
(1.24 0.365 0)
(1.2 0.37 0)
(1.205 0.37 0)
(1.21 0.37 0)
(1.215 0.37 0)
(1.22 0.37 0)
(1.225 0.37 0)
(1.23 0.37 0)
(1.235 0.37 0)
(1.24 0.37 0)
(1.2 0.375 0)
(1.205 0.375 0)
(1.21 0.375 0)
(1.215 0.375 0)
(1.22 0.375 0)
(1.225 0.375 0)
(1.23 0.375 0)
(1.235 0.375 0)
(1.24 0.375 0)
(1.2 0.38 0)
(1.205 0.38 0)
(1.21 0.38 0)
(1.215 0.38 0)
(1.22 0.38 0)
(1.225 0.38 0)
(1.23 0.38 0)
(1.235 0.38 0)
(1.24 0.38 0)
(1.2 0.385 0)
(1.205 0.385 0)
(1.21 0.385 0)
(1.215 0.385 0)
(1.22 0.385 0)
(1.225 0.385 0)
(1.23 0.385 0)
(1.235 0.385 0)
(1.24 0.385 0)
(1.2 0.39 0)
(1.205 0.39 0)
(1.21 0.39 0)
(1.215 0.39 0)
(1.22 0.39 0)
(1.225 0.39 0)
(1.23 0.39 0)
(1.235 0.39 0)
(1.24 0.39 0)
(1.2 0.395 0)
(1.205 0.395 0)
(1.21 0.395 0)
(1.215 0.395 0)
(1.22 0.395 0)
(1.225 0.395 0)
(1.23 0.395 0)
(1.235 0.395 0)
(1.24 0.395 0)
(1.2 0.4 0)
(1.205 0.4 0)
(1.21 0.4 0)
(1.215 0.4 0)
(1.22 0.4 0)
(1.225 0.4 0)
(1.23 0.4 0)
(1.235 0.4 0)
(1.24 0.4 0)
(1.2 0.405 0)
(1.205 0.405 0)
(1.21 0.405 0)
(1.215 0.405 0)
(1.22 0.405 0)
(1.225 0.405 0)
(1.23 0.405 0)
(1.235 0.405 0)
(1.24 0.405 0)
(1.2 0.41 0)
(1.205 0.41 0)
(1.21 0.41 0)
(1.215 0.41 0)
(1.22 0.41 0)
(1.225 0.41 0)
(1.23 0.41 0)
(1.235 0.41 0)
(1.24 0.41 0)
(1.2 0.01 0.01)
(1.205 0.01 0.01)
(1.21 0.01 0.01)
(1.215 0.01 0.01)
(1.22 0.01 0.01)
(1.225 0.01 0.01)
(1.23 0.01 0.01)
(1.235 0.01 0.01)
(1.24 0.01 0.01)
(1.2 0.015 0.01)
(1.205 0.015 0.01)
(1.21 0.015 0.01)
(1.215 0.015 0.01)
(1.22 0.015 0.01)
(1.225 0.015 0.01)
(1.23 0.015 0.01)
(1.235 0.015 0.01)
(1.24 0.015 0.01)
(1.2 0.02 0.01)
(1.205 0.02 0.01)
(1.21 0.02 0.01)
(1.215 0.02 0.01)
(1.22 0.02 0.01)
(1.225 0.02 0.01)
(1.23 0.02 0.01)
(1.235 0.02 0.01)
(1.24 0.02 0.01)
(1.2 0.025 0.01)
(1.205 0.025 0.01)
(1.21 0.025 0.01)
(1.215 0.025 0.01)
(1.22 0.025 0.01)
(1.225 0.025 0.01)
(1.23 0.025 0.01)
(1.235 0.025 0.01)
(1.24 0.025 0.01)
(1.2 0.03 0.01)
(1.205 0.03 0.01)
(1.21 0.03 0.01)
(1.215 0.03 0.01)
(1.22 0.03 0.01)
(1.225 0.03 0.01)
(1.23 0.03 0.01)
(1.235 0.03 0.01)
(1.24 0.03 0.01)
(1.2 0.035 0.01)
(1.205 0.035 0.01)
(1.21 0.035 0.01)
(1.215 0.035 0.01)
(1.22 0.035 0.01)
(1.225 0.035 0.01)
(1.23 0.035 0.01)
(1.235 0.035 0.01)
(1.24 0.035 0.01)
(1.2 0.04 0.01)
(1.205 0.04 0.01)
(1.21 0.04 0.01)
(1.215 0.04 0.01)
(1.22 0.04 0.01)
(1.225 0.04 0.01)
(1.23 0.04 0.01)
(1.235 0.04 0.01)
(1.24 0.04 0.01)
(1.2 0.045 0.01)
(1.205 0.045 0.01)
(1.21 0.045 0.01)
(1.215 0.045 0.01)
(1.22 0.045 0.01)
(1.225 0.045 0.01)
(1.23 0.045 0.01)
(1.235 0.045 0.01)
(1.24 0.045 0.01)
(1.2 0.05 0.01)
(1.205 0.05 0.01)
(1.21 0.05 0.01)
(1.215 0.05 0.01)
(1.22 0.05 0.01)
(1.225 0.05 0.01)
(1.23 0.05 0.01)
(1.235 0.05 0.01)
(1.24 0.05 0.01)
(1.2 0.055 0.01)
(1.205 0.055 0.01)
(1.21 0.055 0.01)
(1.215 0.055 0.01)
(1.22 0.055 0.01)
(1.225 0.055 0.01)
(1.23 0.055 0.01)
(1.235 0.055 0.01)
(1.24 0.055 0.01)
(1.2 0.06 0.01)
(1.205 0.06 0.01)
(1.21 0.06 0.01)
(1.215 0.06 0.01)
(1.22 0.06 0.01)
(1.225 0.06 0.01)
(1.23 0.06 0.01)
(1.235 0.06 0.01)
(1.24 0.06 0.01)
(1.2 0.065 0.01)
(1.205 0.065 0.01)
(1.21 0.065 0.01)
(1.215 0.065 0.01)
(1.22 0.065 0.01)
(1.225 0.065 0.01)
(1.23 0.065 0.01)
(1.235 0.065 0.01)
(1.24 0.065 0.01)
(1.2 0.07 0.01)
(1.205 0.07 0.01)
(1.21 0.07 0.01)
(1.215 0.07 0.01)
(1.22 0.07 0.01)
(1.225 0.07 0.01)
(1.23 0.07 0.01)
(1.235 0.07 0.01)
(1.24 0.07 0.01)
(1.2 0.075 0.01)
(1.205 0.075 0.01)
(1.21 0.075 0.01)
(1.215 0.075 0.01)
(1.22 0.075 0.01)
(1.225 0.075 0.01)
(1.23 0.075 0.01)
(1.235 0.075 0.01)
(1.24 0.075 0.01)
(1.2 0.08 0.01)
(1.205 0.08 0.01)
(1.21 0.08 0.01)
(1.215 0.08 0.01)
(1.22 0.08 0.01)
(1.225 0.08 0.01)
(1.23 0.08 0.01)
(1.235 0.08 0.01)
(1.24 0.08 0.01)
(1.2 0.085 0.01)
(1.205 0.085 0.01)
(1.21 0.085 0.01)
(1.215 0.085 0.01)
(1.22 0.085 0.01)
(1.225 0.085 0.01)
(1.23 0.085 0.01)
(1.235 0.085 0.01)
(1.24 0.085 0.01)
(1.2 0.09 0.01)
(1.205 0.09 0.01)
(1.21 0.09 0.01)
(1.215 0.09 0.01)
(1.22 0.09 0.01)
(1.225 0.09 0.01)
(1.23 0.09 0.01)
(1.235 0.09 0.01)
(1.24 0.09 0.01)
(1.2 0.095 0.01)
(1.205 0.095 0.01)
(1.21 0.095 0.01)
(1.215 0.095 0.01)
(1.22 0.095 0.01)
(1.225 0.095 0.01)
(1.23 0.095 0.01)
(1.235 0.095 0.01)
(1.24 0.095 0.01)
(1.2 0.1 0.01)
(1.205 0.1 0.01)
(1.21 0.1 0.01)
(1.215 0.1 0.01)
(1.22 0.1 0.01)
(1.225 0.1 0.01)
(1.23 0.1 0.01)
(1.235 0.1 0.01)
(1.24 0.1 0.01)
(1.2 0.105 0.01)
(1.205 0.105 0.01)
(1.21 0.105 0.01)
(1.215 0.105 0.01)
(1.22 0.105 0.01)
(1.225 0.105 0.01)
(1.23 0.105 0.01)
(1.235 0.105 0.01)
(1.24 0.105 0.01)
(1.2 0.11 0.01)
(1.205 0.11 0.01)
(1.21 0.11 0.01)
(1.215 0.11 0.01)
(1.22 0.11 0.01)
(1.225 0.11 0.01)
(1.23 0.11 0.01)
(1.235 0.11 0.01)
(1.24 0.11 0.01)
(1.2 0.115 0.01)
(1.205 0.115 0.01)
(1.21 0.115 0.01)
(1.215 0.115 0.01)
(1.22 0.115 0.01)
(1.225 0.115 0.01)
(1.23 0.115 0.01)
(1.235 0.115 0.01)
(1.24 0.115 0.01)
(1.2 0.12 0.01)
(1.205 0.12 0.01)
(1.21 0.12 0.01)
(1.215 0.12 0.01)
(1.22 0.12 0.01)
(1.225 0.12 0.01)
(1.23 0.12 0.01)
(1.235 0.12 0.01)
(1.24 0.12 0.01)
(1.2 0.125 0.01)
(1.205 0.125 0.01)
(1.21 0.125 0.01)
(1.215 0.125 0.01)
(1.22 0.125 0.01)
(1.225 0.125 0.01)
(1.23 0.125 0.01)
(1.235 0.125 0.01)
(1.24 0.125 0.01)
(1.2 0.13 0.01)
(1.205 0.13 0.01)
(1.21 0.13 0.01)
(1.215 0.13 0.01)
(1.22 0.13 0.01)
(1.225 0.13 0.01)
(1.23 0.13 0.01)
(1.235 0.13 0.01)
(1.24 0.13 0.01)
(1.2 0.135 0.01)
(1.205 0.135 0.01)
(1.21 0.135 0.01)
(1.215 0.135 0.01)
(1.22 0.135 0.01)
(1.225 0.135 0.01)
(1.23 0.135 0.01)
(1.235 0.135 0.01)
(1.24 0.135 0.01)
(1.2 0.14 0.01)
(1.205 0.14 0.01)
(1.21 0.14 0.01)
(1.215 0.14 0.01)
(1.22 0.14 0.01)
(1.225 0.14 0.01)
(1.23 0.14 0.01)
(1.235 0.14 0.01)
(1.24 0.14 0.01)
(1.2 0.145 0.01)
(1.205 0.145 0.01)
(1.21 0.145 0.01)
(1.215 0.145 0.01)
(1.22 0.145 0.01)
(1.225 0.145 0.01)
(1.23 0.145 0.01)
(1.235 0.145 0.01)
(1.24 0.145 0.01)
(1.2 0.15 0.01)
(1.205 0.15 0.01)
(1.21 0.15 0.01)
(1.215 0.15 0.01)
(1.22 0.15 0.01)
(1.225 0.15 0.01)
(1.23 0.15 0.01)
(1.235 0.15 0.01)
(1.24 0.15 0.01)
(1.2 0.155 0.01)
(1.205 0.155 0.01)
(1.21 0.155 0.01)
(1.215 0.155 0.01)
(1.22 0.155 0.01)
(1.225 0.155 0.01)
(1.23 0.155 0.01)
(1.235 0.155 0.01)
(1.24 0.155 0.01)
(1.2 0.16 0.01)
(1.205 0.16 0.01)
(1.21 0.16 0.01)
(1.215 0.16 0.01)
(1.22 0.16 0.01)
(1.225 0.16 0.01)
(1.23 0.16 0.01)
(1.235 0.16 0.01)
(1.24 0.16 0.01)
(1.2 0.165 0.01)
(1.205 0.165 0.01)
(1.21 0.165 0.01)
(1.215 0.165 0.01)
(1.22 0.165 0.01)
(1.225 0.165 0.01)
(1.23 0.165 0.01)
(1.235 0.165 0.01)
(1.24 0.165 0.01)
(1.2 0.17 0.01)
(1.205 0.17 0.01)
(1.21 0.17 0.01)
(1.215 0.17 0.01)
(1.22 0.17 0.01)
(1.225 0.17 0.01)
(1.23 0.17 0.01)
(1.235 0.17 0.01)
(1.24 0.17 0.01)
(1.2 0.175 0.01)
(1.205 0.175 0.01)
(1.21 0.175 0.01)
(1.215 0.175 0.01)
(1.22 0.175 0.01)
(1.225 0.175 0.01)
(1.23 0.175 0.01)
(1.235 0.175 0.01)
(1.24 0.175 0.01)
(1.2 0.18 0.01)
(1.205 0.18 0.01)
(1.21 0.18 0.01)
(1.215 0.18 0.01)
(1.22 0.18 0.01)
(1.225 0.18 0.01)
(1.23 0.18 0.01)
(1.235 0.18 0.01)
(1.24 0.18 0.01)
(1.2 0.185 0.01)
(1.205 0.185 0.01)
(1.21 0.185 0.01)
(1.215 0.185 0.01)
(1.22 0.185 0.01)
(1.225 0.185 0.01)
(1.23 0.185 0.01)
(1.235 0.185 0.01)
(1.24 0.185 0.01)
(1.2 0.19 0.01)
(1.205 0.19 0.01)
(1.21 0.19 0.01)
(1.215 0.19 0.01)
(1.22 0.19 0.01)
(1.225 0.19 0.01)
(1.23 0.19 0.01)
(1.235 0.19 0.01)
(1.24 0.19 0.01)
(1.2 0.195 0.01)
(1.205 0.195 0.01)
(1.21 0.195 0.01)
(1.215 0.195 0.01)
(1.22 0.195 0.01)
(1.225 0.195 0.01)
(1.23 0.195 0.01)
(1.235 0.195 0.01)
(1.24 0.195 0.01)
(1.2 0.2 0.01)
(1.205 0.2 0.01)
(1.21 0.2 0.01)
(1.215 0.2 0.01)
(1.22 0.2 0.01)
(1.225 0.2 0.01)
(1.23 0.2 0.01)
(1.235 0.2 0.01)
(1.24 0.2 0.01)
(1.2 0.205 0.01)
(1.205 0.205 0.01)
(1.21 0.205 0.01)
(1.215 0.205 0.01)
(1.22 0.205 0.01)
(1.225 0.205 0.01)
(1.23 0.205 0.01)
(1.235 0.205 0.01)
(1.24 0.205 0.01)
(1.2 0.21 0.01)
(1.205 0.21 0.01)
(1.21 0.21 0.01)
(1.215 0.21 0.01)
(1.22 0.21 0.01)
(1.225 0.21 0.01)
(1.23 0.21 0.01)
(1.235 0.21 0.01)
(1.24 0.21 0.01)
(1.2 0.215 0.01)
(1.205 0.215 0.01)
(1.21 0.215 0.01)
(1.215 0.215 0.01)
(1.22 0.215 0.01)
(1.225 0.215 0.01)
(1.23 0.215 0.01)
(1.235 0.215 0.01)
(1.24 0.215 0.01)
(1.2 0.22 0.01)
(1.205 0.22 0.01)
(1.21 0.22 0.01)
(1.215 0.22 0.01)
(1.22 0.22 0.01)
(1.225 0.22 0.01)
(1.23 0.22 0.01)
(1.235 0.22 0.01)
(1.24 0.22 0.01)
(1.2 0.225 0.01)
(1.205 0.225 0.01)
(1.21 0.225 0.01)
(1.215 0.225 0.01)
(1.22 0.225 0.01)
(1.225 0.225 0.01)
(1.23 0.225 0.01)
(1.235 0.225 0.01)
(1.24 0.225 0.01)
(1.2 0.23 0.01)
(1.205 0.23 0.01)
(1.21 0.23 0.01)
(1.215 0.23 0.01)
(1.22 0.23 0.01)
(1.225 0.23 0.01)
(1.23 0.23 0.01)
(1.235 0.23 0.01)
(1.24 0.23 0.01)
(1.2 0.235 0.01)
(1.205 0.235 0.01)
(1.21 0.235 0.01)
(1.215 0.235 0.01)
(1.22 0.235 0.01)
(1.225 0.235 0.01)
(1.23 0.235 0.01)
(1.235 0.235 0.01)
(1.24 0.235 0.01)
(1.2 0.24 0.01)
(1.205 0.24 0.01)
(1.21 0.24 0.01)
(1.215 0.24 0.01)
(1.22 0.24 0.01)
(1.225 0.24 0.01)
(1.23 0.24 0.01)
(1.235 0.24 0.01)
(1.24 0.24 0.01)
(1.2 0.245 0.01)
(1.205 0.245 0.01)
(1.21 0.245 0.01)
(1.215 0.245 0.01)
(1.22 0.245 0.01)
(1.225 0.245 0.01)
(1.23 0.245 0.01)
(1.235 0.245 0.01)
(1.24 0.245 0.01)
(1.2 0.25 0.01)
(1.205 0.25 0.01)
(1.21 0.25 0.01)
(1.215 0.25 0.01)
(1.22 0.25 0.01)
(1.225 0.25 0.01)
(1.23 0.25 0.01)
(1.235 0.25 0.01)
(1.24 0.25 0.01)
(1.2 0.255 0.01)
(1.205 0.255 0.01)
(1.21 0.255 0.01)
(1.215 0.255 0.01)
(1.22 0.255 0.01)
(1.225 0.255 0.01)
(1.23 0.255 0.01)
(1.235 0.255 0.01)
(1.24 0.255 0.01)
(1.2 0.26 0.01)
(1.205 0.26 0.01)
(1.21 0.26 0.01)
(1.215 0.26 0.01)
(1.22 0.26 0.01)
(1.225 0.26 0.01)
(1.23 0.26 0.01)
(1.235 0.26 0.01)
(1.24 0.26 0.01)
(1.2 0.265 0.01)
(1.205 0.265 0.01)
(1.21 0.265 0.01)
(1.215 0.265 0.01)
(1.22 0.265 0.01)
(1.225 0.265 0.01)
(1.23 0.265 0.01)
(1.235 0.265 0.01)
(1.24 0.265 0.01)
(1.2 0.27 0.01)
(1.205 0.27 0.01)
(1.21 0.27 0.01)
(1.215 0.27 0.01)
(1.22 0.27 0.01)
(1.225 0.27 0.01)
(1.23 0.27 0.01)
(1.235 0.27 0.01)
(1.24 0.27 0.01)
(1.2 0.275 0.01)
(1.205 0.275 0.01)
(1.21 0.275 0.01)
(1.215 0.275 0.01)
(1.22 0.275 0.01)
(1.225 0.275 0.01)
(1.23 0.275 0.01)
(1.235 0.275 0.01)
(1.24 0.275 0.01)
(1.2 0.28 0.01)
(1.205 0.28 0.01)
(1.21 0.28 0.01)
(1.215 0.28 0.01)
(1.22 0.28 0.01)
(1.225 0.28 0.01)
(1.23 0.28 0.01)
(1.235 0.28 0.01)
(1.24 0.28 0.01)
(1.2 0.285 0.01)
(1.205 0.285 0.01)
(1.21 0.285 0.01)
(1.215 0.285 0.01)
(1.22 0.285 0.01)
(1.225 0.285 0.01)
(1.23 0.285 0.01)
(1.235 0.285 0.01)
(1.24 0.285 0.01)
(1.2 0.29 0.01)
(1.205 0.29 0.01)
(1.21 0.29 0.01)
(1.215 0.29 0.01)
(1.22 0.29 0.01)
(1.225 0.29 0.01)
(1.23 0.29 0.01)
(1.235 0.29 0.01)
(1.24 0.29 0.01)
(1.2 0.295 0.01)
(1.205 0.295 0.01)
(1.21 0.295 0.01)
(1.215 0.295 0.01)
(1.22 0.295 0.01)
(1.225 0.295 0.01)
(1.23 0.295 0.01)
(1.235 0.295 0.01)
(1.24 0.295 0.01)
(1.2 0.3 0.01)
(1.205 0.3 0.01)
(1.21 0.3 0.01)
(1.215 0.3 0.01)
(1.22 0.3 0.01)
(1.225 0.3 0.01)
(1.23 0.3 0.01)
(1.235 0.3 0.01)
(1.24 0.3 0.01)
(1.2 0.305 0.01)
(1.205 0.305 0.01)
(1.21 0.305 0.01)
(1.215 0.305 0.01)
(1.22 0.305 0.01)
(1.225 0.305 0.01)
(1.23 0.305 0.01)
(1.235 0.305 0.01)
(1.24 0.305 0.01)
(1.2 0.31 0.01)
(1.205 0.31 0.01)
(1.21 0.31 0.01)
(1.215 0.31 0.01)
(1.22 0.31 0.01)
(1.225 0.31 0.01)
(1.23 0.31 0.01)
(1.235 0.31 0.01)
(1.24 0.31 0.01)
(1.2 0.315 0.01)
(1.205 0.315 0.01)
(1.21 0.315 0.01)
(1.215 0.315 0.01)
(1.22 0.315 0.01)
(1.225 0.315 0.01)
(1.23 0.315 0.01)
(1.235 0.315 0.01)
(1.24 0.315 0.01)
(1.2 0.32 0.01)
(1.205 0.32 0.01)
(1.21 0.32 0.01)
(1.215 0.32 0.01)
(1.22 0.32 0.01)
(1.225 0.32 0.01)
(1.23 0.32 0.01)
(1.235 0.32 0.01)
(1.24 0.32 0.01)
(1.2 0.325 0.01)
(1.205 0.325 0.01)
(1.21 0.325 0.01)
(1.215 0.325 0.01)
(1.22 0.325 0.01)
(1.225 0.325 0.01)
(1.23 0.325 0.01)
(1.235 0.325 0.01)
(1.24 0.325 0.01)
(1.2 0.33 0.01)
(1.205 0.33 0.01)
(1.21 0.33 0.01)
(1.215 0.33 0.01)
(1.22 0.33 0.01)
(1.225 0.33 0.01)
(1.23 0.33 0.01)
(1.235 0.33 0.01)
(1.24 0.33 0.01)
(1.2 0.335 0.01)
(1.205 0.335 0.01)
(1.21 0.335 0.01)
(1.215 0.335 0.01)
(1.22 0.335 0.01)
(1.225 0.335 0.01)
(1.23 0.335 0.01)
(1.235 0.335 0.01)
(1.24 0.335 0.01)
(1.2 0.34 0.01)
(1.205 0.34 0.01)
(1.21 0.34 0.01)
(1.215 0.34 0.01)
(1.22 0.34 0.01)
(1.225 0.34 0.01)
(1.23 0.34 0.01)
(1.235 0.34 0.01)
(1.24 0.34 0.01)
(1.2 0.345 0.01)
(1.205 0.345 0.01)
(1.21 0.345 0.01)
(1.215 0.345 0.01)
(1.22 0.345 0.01)
(1.225 0.345 0.01)
(1.23 0.345 0.01)
(1.235 0.345 0.01)
(1.24 0.345 0.01)
(1.2 0.35 0.01)
(1.205 0.35 0.01)
(1.21 0.35 0.01)
(1.215 0.35 0.01)
(1.22 0.35 0.01)
(1.225 0.35 0.01)
(1.23 0.35 0.01)
(1.235 0.35 0.01)
(1.24 0.35 0.01)
(1.2 0.355 0.01)
(1.205 0.355 0.01)
(1.21 0.355 0.01)
(1.215 0.355 0.01)
(1.22 0.355 0.01)
(1.225 0.355 0.01)
(1.23 0.355 0.01)
(1.235 0.355 0.01)
(1.24 0.355 0.01)
(1.2 0.36 0.01)
(1.205 0.36 0.01)
(1.21 0.36 0.01)
(1.215 0.36 0.01)
(1.22 0.36 0.01)
(1.225 0.36 0.01)
(1.23 0.36 0.01)
(1.235 0.36 0.01)
(1.24 0.36 0.01)
(1.2 0.365 0.01)
(1.205 0.365 0.01)
(1.21 0.365 0.01)
(1.215 0.365 0.01)
(1.22 0.365 0.01)
(1.225 0.365 0.01)
(1.23 0.365 0.01)
(1.235 0.365 0.01)
(1.24 0.365 0.01)
(1.2 0.37 0.01)
(1.205 0.37 0.01)
(1.21 0.37 0.01)
(1.215 0.37 0.01)
(1.22 0.37 0.01)
(1.225 0.37 0.01)
(1.23 0.37 0.01)
(1.235 0.37 0.01)
(1.24 0.37 0.01)
(1.2 0.375 0.01)
(1.205 0.375 0.01)
(1.21 0.375 0.01)
(1.215 0.375 0.01)
(1.22 0.375 0.01)
(1.225 0.375 0.01)
(1.23 0.375 0.01)
(1.235 0.375 0.01)
(1.24 0.375 0.01)
(1.2 0.38 0.01)
(1.205 0.38 0.01)
(1.21 0.38 0.01)
(1.215 0.38 0.01)
(1.22 0.38 0.01)
(1.225 0.38 0.01)
(1.23 0.38 0.01)
(1.235 0.38 0.01)
(1.24 0.38 0.01)
(1.2 0.385 0.01)
(1.205 0.385 0.01)
(1.21 0.385 0.01)
(1.215 0.385 0.01)
(1.22 0.385 0.01)
(1.225 0.385 0.01)
(1.23 0.385 0.01)
(1.235 0.385 0.01)
(1.24 0.385 0.01)
(1.2 0.39 0.01)
(1.205 0.39 0.01)
(1.21 0.39 0.01)
(1.215 0.39 0.01)
(1.22 0.39 0.01)
(1.225 0.39 0.01)
(1.23 0.39 0.01)
(1.235 0.39 0.01)
(1.24 0.39 0.01)
(1.2 0.395 0.01)
(1.205 0.395 0.01)
(1.21 0.395 0.01)
(1.215 0.395 0.01)
(1.22 0.395 0.01)
(1.225 0.395 0.01)
(1.23 0.395 0.01)
(1.235 0.395 0.01)
(1.24 0.395 0.01)
(1.2 0.4 0.01)
(1.205 0.4 0.01)
(1.21 0.4 0.01)
(1.215 0.4 0.01)
(1.22 0.4 0.01)
(1.225 0.4 0.01)
(1.23 0.4 0.01)
(1.235 0.4 0.01)
(1.24 0.4 0.01)
(1.2 0.405 0.01)
(1.205 0.405 0.01)
(1.21 0.405 0.01)
(1.215 0.405 0.01)
(1.22 0.405 0.01)
(1.225 0.405 0.01)
(1.23 0.405 0.01)
(1.235 0.405 0.01)
(1.24 0.405 0.01)
(1.2 0.41 0.01)
(1.205 0.41 0.01)
(1.21 0.41 0.01)
(1.215 0.41 0.01)
(1.22 0.41 0.01)
(1.225 0.41 0.01)
(1.23 0.41 0.01)
(1.235 0.41 0.01)
(1.24 0.41 0.01)
)


// ************************************************************************* //
